0.000397759 0.011
0.000397759 0.011
0.00039776 0.011
0.000397761 0.011
0.000397763 0.011
0.000397765 0.011
0.000397768 0.011
0.000397771 0.011
0.000397775 0.011
0.000397779 0.011
0.000397784 0.011
0.000397789 0.011
0.000397794 0.011
0.0003978 0.011
0.000397807 0.011
0.000397814 0.011
0.000397821 0.011
0.000397829 0.0110001
0.000397837 0.0110001
0.000397846 0.0110001
0.000397855 0.0110001
0.000397865 0.0110001
0.000397875 0.0110001
0.000397885 0.0110001
0.000397896 0.0110001
0.000397908 0.0110001
0.00039792 0.0110001
0.000397932 0.0110001
0.000397945 0.0110001
0.000397958 0.0110001
0.000397972 0.0110002
0.000397986 0.0110002
0.000398001 0.0110002
0.000398016 0.0110002
0.000398031 0.0110002
0.000398048 0.0110002
0.000398064 0.0110002
0.000398081 0.0110002
0.000398098 0.0110002
0.000398116 0.0110003
0.000398135 0.0110003
0.000398153 0.0110003
0.000398173 0.0110003
0.000398192 0.0110003
0.000398213 0.0110003
0.000398233 0.0110003
0.000398254 0.0110004
0.000398276 0.0110004
0.000398298 0.0110004
0.00039832 0.0110004
0.000398343 0.0110004
0.000398367 0.0110004
0.000398391 0.0110005
0.000398415 0.0110005
0.00039844 0.0110005
0.000398465 0.0110005
0.000398491 0.0110005
0.000398517 0.0110005
0.000398543 0.0110006
0.00039857 0.0110006
0.000398598 0.0110006
0.000398626 0.0110006
0.000398654 0.0110006
0.000398683 0.0110007
0.000398713 0.0110007
0.000398743 0.0110007
0.000398773 0.0110007
0.000398804 0.0110007
0.000398835 0.0110008
0.000398866 0.0110008
0.000398899 0.0110008
0.000398931 0.0110008
0.000398964 0.0110009
0.000398998 0.0110009
0.000399032 0.0110009
0.000399066 0.0110009
0.000399101 0.011001
0.000399136 0.011001
0.000399172 0.011001
0.000399208 0.011001
0.000399245 0.0110011
0.000399282 0.0110011
0.00039932 0.0110011
0.000399358 0.0110011
0.000399397 0.0110012
0.000399436 0.0110012
0.000399475 0.0110012
0.000399515 0.0110013
0.000399556 0.0110013
0.000399596 0.0110013
0.000399638 0.0110013
0.00039968 0.0110014
0.000399722 0.0110014
0.000399764 0.0110014
0.000399808 0.0110015
0.000399851 0.0110015
0.000399895 0.0110015
0.00039994 0.0110016
0.000399985 0.0110016
0.00040003 0.0110016
0.000400076 0.0110017
0.000400123 0.0110017
0.00040017 0.0110017
0.000400217 0.0110018
0.000400265 0.0110018
0.000400313 0.0110018
0.000400362 0.0110019
0.000400411 0.0110019
0.00040046 0.0110019
0.000400511 0.011002
0.000400561 0.011002
0.000400612 0.011002
0.000400664 0.0110021
0.000400716 0.0110021
0.000400768 0.0110021
0.000400821 0.0110022
0.000400874 0.0110022
0.000400928 0.0110023
0.000400982 0.0110023
0.000401037 0.0110023
0.000401092 0.0110024
0.000401148 0.0110024
0.000401204 0.0110025
0.00040126 0.0110025
0.000401317 0.0110025
0.000401375 0.0110026
0.000401433 0.0110026
0.000401491 0.0110027
0.00040155 0.0110027
0.00040161 0.0110027
0.000401669 0.0110028
0.00040173 0.0110028
0.00040179 0.0110029
0.000401852 0.0110029
0.000401913 0.011003
0.000401975 0.011003
0.000402038 0.0110031
0.000402101 0.0110031
0.000402165 0.0110031
0.000402229 0.0110032
0.000402293 0.0110032
0.000402358 0.0110033
0.000402423 0.0110033
0.000402489 0.0110034
0.000402555 0.0110034
0.000402622 0.0110035
0.00040269 0.0110035
0.000402757 0.0110036
0.000402825 0.0110036
0.000402894 0.0110037
0.000402963 0.0110037
0.000403033 0.0110038
0.000403103 0.0110038
0.000403173 0.0110039
0.000403244 0.0110039
0.000403316 0.011004
0.000403388 0.011004
0.00040346 0.0110041
0.000403533 0.0110041
0.000403606 0.0110042
0.00040368 0.0110042
0.000403754 0.0110043
0.000403829 0.0110043
0.000403904 0.0110044
0.00040398 0.0110044
0.000404056 0.0110045
0.000404132 0.0110045
0.00040421 0.0110046
0.000404287 0.0110047
0.000404365 0.0110047
0.000404444 0.0110048
0.000404522 0.0110048
0.000404602 0.0110049
0.000404682 0.0110049
0.000404762 0.011005
0.000404843 0.011005
0.000404924 0.0110051
0.000405006 0.0110052
0.000405088 0.0110052
0.000405171 0.0110053
0.000405254 0.0110053
0.000405338 0.0110054
0.000405422 0.0110055
0.000405506 0.0110055
0.000405592 0.0110056
0.000405677 0.0110056
0.000405763 0.0110057
0.00040585 0.0110058
0.000405937 0.0110058
0.000406024 0.0110059
0.000406112 0.0110059
0.0004062 0.011006
0.000406289 0.0110061
0.000406378 0.0110061
0.000406468 0.0110062
0.000406558 0.0110063
0.000406649 0.0110063
0.00040674 0.0110064
0.000406832 0.0110065
0.000406924 0.0110065
0.000407017 0.0110066
0.00040711 0.0110067
0.000407204 0.0110067
0.000407298 0.0110068
0.000407392 0.0110069
0.000407488 0.0110069
0.000407583 0.011007
0.000407679 0.0110071
0.000407776 0.0110071
0.000407873 0.0110072
0.00040797 0.0110073
0.000408068 0.0110073
0.000408166 0.0110074
0.000408265 0.0110075
0.000408365 0.0110075
0.000408465 0.0110076
0.000408565 0.0110077
0.000408666 0.0110078
0.000408767 0.0110078
0.000408869 0.0110079
0.000408971 0.011008
0.000409074 0.011008
0.000409177 0.0110081
0.000409281 0.0110082
0.000409385 0.0110083
0.00040949 0.0110083
0.000409595 0.0110084
0.000409701 0.0110085
0.000409807 0.0110086
0.000409914 0.0110086
0.000410021 0.0110087
0.000410129 0.0110088
0.000410237 0.0110089
0.000410346 0.0110089
0.000410455 0.011009
0.000410565 0.0110091
0.000410675 0.0110092
0.000410786 0.0110092
0.000410897 0.0110093
0.000411008 0.0110094
0.000411121 0.0110095
0.000411233 0.0110096
0.000411346 0.0110096
0.00041146 0.0110097
0.000411574 0.0110098
0.000411689 0.0110099
0.000411804 0.01101
0.00041192 0.01101
0.000412036 0.0110101
0.000412152 0.0110102
0.000412269 0.0110103
0.000412387 0.0110104
0.000412505 0.0110105
0.000412624 0.0110105
0.000412743 0.0110106
0.000412863 0.0110107
0.000412983 0.0110108
0.000413103 0.0110109
0.000413225 0.011011
0.000413346 0.011011
0.000413468 0.0110111
0.000413591 0.0110112
0.000413714 0.0110113
0.000413838 0.0110114
0.000413962 0.0110115
0.000414087 0.0110116
0.000414212 0.0110116
0.000414338 0.0110117
0.000414464 0.0110118
0.000414591 0.0110119
0.000414718 0.011012
0.000414846 0.0110121
0.000414974 0.0110122
0.000415103 0.0110123
0.000415232 0.0110123
0.000415362 0.0110124
0.000415492 0.0110125
0.000415623 0.0110126
0.000415754 0.0110127
0.000415886 0.0110128
0.000416018 0.0110129
0.000416151 0.011013
0.000416284 0.0110131
0.000416418 0.0110132
0.000416553 0.0110133
0.000416688 0.0110134
0.000416823 0.0110134
0.000416959 0.0110135
0.000417095 0.0110136
0.000417232 0.0110137
0.00041737 0.0110138
0.000417508 0.0110139
0.000417646 0.011014
0.000417785 0.0110141
0.000417925 0.0110142
0.000418065 0.0110143
0.000418206 0.0110144
0.000418347 0.0110145
0.000418489 0.0110146
0.000418631 0.0110147
0.000418773 0.0110148
0.000418917 0.0110149
0.00041906 0.011015
0.000419205 0.0110151
0.000419349 0.0110152
0.000419495 0.0110153
0.00041964 0.0110154
0.000419787 0.0110155
0.000419934 0.0110156
0.000420081 0.0110157
0.000420229 0.0110158
0.000420377 0.0110159
0.000420526 0.011016
0.000420676 0.0110161
0.000420826 0.0110162
0.000420976 0.0110163
0.000421128 0.0110164
0.000421279 0.0110165
0.000421431 0.0110166
0.000421584 0.0110167
0.000421737 0.0110168
0.000421891 0.0110169
0.000422045 0.011017
0.0004222 0.0110171
0.000422355 0.0110172
0.000422511 0.0110173
0.000422667 0.0110174
0.000422824 0.0110175
0.000422982 0.0110176
0.00042314 0.0110178
0.000423298 0.0110179
0.000423457 0.011018
0.000423617 0.0110181
0.000423777 0.0110182
0.000423937 0.0110183
0.000424099 0.0110184
0.00042426 0.0110185
0.000424422 0.0110186
0.000424585 0.0110187
0.000424749 0.0110188
0.000424912 0.0110189
0.000425077 0.0110191
0.000425242 0.0110192
0.000425407 0.0110193
0.000425573 0.0110194
0.000425739 0.0110195
0.000425906 0.0110196
0.000426074 0.0110197
0.000426242 0.0110198
0.000426411 0.0110199
0.00042658 0.0110201
0.00042675 0.0110202
0.00042692 0.0110203
0.000427091 0.0110204
0.000427262 0.0110205
0.000427434 0.0110206
0.000427606 0.0110207
0.000427779 0.0110209
0.000427953 0.011021
0.000428127 0.0110211
0.000428301 0.0110212
0.000428476 0.0110213
0.000428652 0.0110214
0.000428828 0.0110216
0.000429005 0.0110217
0.000429182 0.0110218
0.00042936 0.0110219
0.000429538 0.011022
0.000429717 0.0110221
0.000429897 0.0110223
0.000430076 0.0110224
0.000430257 0.0110225
0.000430438 0.0110226
0.00043062 0.0110227
0.000430802 0.0110229
0.000430984 0.011023
0.000431168 0.0110231
0.000431351 0.0110232
0.000431536 0.0110233
0.00043172 0.0110235
0.000431906 0.0110236
0.000432092 0.0110237
0.000432278 0.0110238
0.000432465 0.011024
0.000432653 0.0110241
0.000432841 0.0110242
0.000433029 0.0110243
0.000433218 0.0110244
0.000433408 0.0110246
0.000433598 0.0110247
0.000433789 0.0110248
0.000433981 0.0110249
0.000434172 0.0110251
0.000434365 0.0110252
0.000434558 0.0110253
0.000434751 0.0110255
0.000434945 0.0110256
0.00043514 0.0110257
0.000435335 0.0110258
0.000435531 0.011026
0.000435727 0.0110261
0.000435924 0.0110262
0.000436121 0.0110263
0.000436319 0.0110265
0.000436517 0.0110266
0.000436716 0.0110267
0.000436916 0.0110269
0.000437116 0.011027
0.000437316 0.0110271
0.000437517 0.0110272
0.000437719 0.0110274
0.000437921 0.0110275
0.000438124 0.0110276
0.000438327 0.0110278
0.000438531 0.0110279
0.000438735 0.011028
0.00043894 0.0110282
0.000439146 0.0110283
0.000439352 0.0110284
0.000439558 0.0110286
0.000439765 0.0110287
0.000439973 0.0110288
0.000440181 0.011029
0.00044039 0.0110291
0.000440599 0.0110292
0.000440809 0.0110294
0.000441019 0.0110295
0.00044123 0.0110296
0.000441441 0.0110298
0.000441653 0.0110299
0.000441866 0.01103
0.000442079 0.0110302
0.000442292 0.0110303
0.000442506 0.0110305
0.000442721 0.0110306
0.000442936 0.0110307
0.000443152 0.0110309
0.000443368 0.011031
0.000443585 0.0110311
0.000443802 0.0110313
0.00044402 0.0110314
0.000444238 0.0110316
0.000444457 0.0110317
0.000444677 0.0110318
0.000444897 0.011032
0.000445117 0.0110321
0.000445338 0.0110323
0.00044556 0.0110324
0.000445782 0.0110325
0.000446005 0.0110327
0.000446228 0.0110328
0.000446452 0.011033
0.000446676 0.0110331
0.000446901 0.0110333
0.000447126 0.0110334
0.000447352 0.0110335
0.000447578 0.0110337
0.000447805 0.0110338
0.000448033 0.011034
0.000448261 0.0110341
0.000448489 0.0110343
0.000448718 0.0110344
0.000448948 0.0110346
0.000449178 0.0110347
0.000449409 0.0110348
0.00044964 0.011035
0.000449872 0.0110351
0.000450104 0.0110353
0.000450337 0.0110354
0.00045057 0.0110356
0.000450804 0.0110357
0.000451038 0.0110359
0.000451273 0.011036
0.000451508 0.0110362
0.000451744 0.0110363
0.000451981 0.0110365
0.000452218 0.0110366
0.000452455 0.0110368
0.000452693 0.0110369
0.000452932 0.0110371
0.000453171 0.0110372
0.00045341 0.0110374
0.00045365 0.0110375
0.000453891 0.0110377
0.000454132 0.0110378
0.000454374 0.011038
0.000454616 0.0110381
0.000454858 0.0110383
0.000455102 0.0110384
0.000455345 0.0110386
0.000455589 0.0110387
0.000455834 0.0110389
0.000456079 0.011039
0.000456325 0.0110392
0.000456571 0.0110393
0.000456818 0.0110395
0.000457065 0.0110396
0.000457313 0.0110398
0.000457561 0.01104
0.00045781 0.0110401
0.00045806 0.0110403
0.000458309 0.0110404
0.00045856 0.0110406
0.000458811 0.0110407
0.000459062 0.0110409
0.000459314 0.011041
0.000459566 0.0110412
0.000459819 0.0110414
0.000460072 0.0110415
0.000460326 0.0110417
0.00046058 0.0110418
0.000460835 0.011042
0.00046109 0.0110421
0.000461346 0.0110423
0.000461602 0.0110425
0.000461859 0.0110426
0.000462117 0.0110428
0.000462374 0.0110429
0.000462633 0.0110431
0.000462891 0.0110433
0.000463151 0.0110434
0.00046341 0.0110436
0.000463671 0.0110437
0.000463931 0.0110439
0.000464192 0.0110441
0.000464454 0.0110442
0.000464716 0.0110444
0.000464979 0.0110446
0.000465242 0.0110447
0.000465506 0.0110449
0.00046577 0.011045
0.000466034 0.0110452
0.000466299 0.0110454
0.000466565 0.0110455
0.000466831 0.0110457
0.000467097 0.0110459
0.000467364 0.011046
0.000467631 0.0110462
0.000467899 0.0110464
0.000468168 0.0110465
0.000468436 0.0110467
0.000468706 0.0110468
0.000468975 0.011047
0.000469246 0.0110472
0.000469516 0.0110473
0.000469787 0.0110475
0.000470059 0.0110477
0.000470331 0.0110478
0.000470603 0.011048
0.000470876 0.0110482
0.00047115 0.0110484
0.000471423 0.0110485
0.000471698 0.0110487
0.000471973 0.0110489
0.000472248 0.011049
0.000472523 0.0110492
0.000472799 0.0110494
0.000473076 0.0110495
0.000473353 0.0110497
0.00047363 0.0110499
0.000473908 0.01105
0.000474186 0.0110502
0.000474465 0.0110504
0.000474744 0.0110506
0.000475024 0.0110507
0.000475304 0.0110509
0.000475584 0.0110511
0.000475865 0.0110512
0.000476146 0.0110514
0.000476428 0.0110516
0.00047671 0.0110518
0.000476993 0.0110519
0.000477276 0.0110521
0.000477559 0.0110523
0.000477843 0.0110525
0.000478127 0.0110526
0.000478412 0.0110528
0.000478697 0.011053
0.000478982 0.0110532
0.000479268 0.0110533
0.000479554 0.0110535
0.000479841 0.0110537
0.000480128 0.0110539
0.000480415 0.011054
0.000480703 0.0110542
0.000480991 0.0110544
0.00048128 0.0110546
0.000481569 0.0110547
0.000481858 0.0110549
0.000482148 0.0110551
0.000482438 0.0110553
0.000482729 0.0110554
0.00048302 0.0110556
0.000483311 0.0110558
0.000483603 0.011056
0.000483895 0.0110562
0.000484187 0.0110563
0.00048448 0.0110565
0.000484773 0.0110567
0.000485067 0.0110569
0.000485361 0.0110571
0.000485655 0.0110572
0.00048595 0.0110574
0.000486245 0.0110576
0.00048654 0.0110578
0.000486836 0.011058
0.000487132 0.0110581
0.000487428 0.0110583
0.000487725 0.0110585
0.000488022 0.0110587
0.00048832 0.0110589
0.000488618 0.0110591
0.000488916 0.0110592
0.000489214 0.0110594
0.000489513 0.0110596
0.000489812 0.0110598
0.000490112 0.01106
0.000490412 0.0110602
0.000490712 0.0110603
0.000491013 0.0110605
0.000491314 0.0110607
0.000491615 0.0110609
0.000491917 0.0110611
0.000492219 0.0110613
0.000492521 0.0110614
0.000492824 0.0110616
0.000493127 0.0110618
0.00049343 0.011062
0.000493733 0.0110622
0.000494037 0.0110624
0.000494342 0.0110626
0.000494646 0.0110628
0.000494951 0.0110629
0.000495256 0.0110631
0.000495562 0.0110633
0.000495868 0.0110635
0.000496174 0.0110637
0.00049648 0.0110639
0.000496787 0.0110641
0.000497094 0.0110643
0.000497402 0.0110644
0.00049771 0.0110646
0.000498018 0.0110648
0.000498326 0.011065
0.000498635 0.0110652
0.000498944 0.0110654
0.000499253 0.0110656
0.000499563 0.0110658
0.000499873 0.011066
0.000500183 0.0110662
0.000500493 0.0110663
0.000500804 0.0110665
0.000501115 0.0110667
0.000501427 0.0110669
0.000501739 0.0110671
0.000502051 0.0110673
0.000502363 0.0110675
0.000502676 0.0110677
0.000502988 0.0110679
0.000503302 0.0110681
0.000503615 0.0110683
0.000503929 0.0110685
0.000504243 0.0110687
0.000504558 0.0110689
0.000504872 0.011069
0.000505187 0.0110692
0.000505502 0.0110694
0.000505818 0.0110696
0.000506134 0.0110698
0.00050645 0.01107
0.000506766 0.0110702
0.000507083 0.0110704
0.0005074 0.0110706
0.000507717 0.0110708
0.000508035 0.011071
0.000508353 0.0110712
0.000508671 0.0110714
0.000508989 0.0110716
0.000509308 0.0110718
0.000509627 0.011072
0.000509946 0.0110722
0.000510266 0.0110724
0.000510586 0.0110726
0.000510906 0.0110728
0.000511226 0.011073
0.000511547 0.0110732
0.000511868 0.0110734
0.000512189 0.0110736
0.00051251 0.0110738
0.000512832 0.011074
0.000513154 0.0110742
0.000513476 0.0110744
0.000513799 0.0110746
0.000514122 0.0110748
0.000514445 0.011075
0.000514768 0.0110752
0.000515092 0.0110754
0.000515416 0.0110756
0.00051574 0.0110758
0.000516064 0.011076
0.000516389 0.0110762
0.000516714 0.0110764
0.00051704 0.0110766
0.000517365 0.0110768
0.000517691 0.011077
0.000518017 0.0110772
0.000518343 0.0110774
0.00051867 0.0110776
0.000518997 0.0110778
0.000519324 0.011078
0.000519652 0.0110782
0.000519979 0.0110784
0.000520307 0.0110786
0.000520636 0.0110788
0.000520964 0.011079
0.000521293 0.0110793
0.000521622 0.0110795
0.000521951 0.0110797
0.000522281 0.0110799
0.000522611 0.0110801
0.000522941 0.0110803
0.000523271 0.0110805
0.000523602 0.0110807
0.000523933 0.0110809
0.000524264 0.0110811
0.000524596 0.0110813
0.000524927 0.0110815
0.000525259 0.0110817
0.000525592 0.0110819
0.000525924 0.0110821
0.000526257 0.0110824
0.00052659 0.0110826
0.000526924 0.0110828
0.000527257 0.011083
0.000527591 0.0110832
0.000527925 0.0110834
0.00052826 0.0110836
0.000528594 0.0110838
0.000528929 0.011084
0.000529265 0.0110842
0.0005296 0.0110844
0.000529936 0.0110847
0.000530272 0.0110849
0.000530608 0.0110851
0.000530945 0.0110853
0.000531282 0.0110855
0.000531619 0.0110857
0.000531956 0.0110859
0.000532294 0.0110861
0.000532632 0.0110864
0.00053297 0.0110866
0.000533309 0.0110868
0.000533648 0.011087
0.000533987 0.0110872
0.000534326 0.0110874
0.000534666 0.0110876
0.000535005 0.0110878
0.000535346 0.0110881
0.000535686 0.0110883
0.000536027 0.0110885
0.000536368 0.0110887
0.000536709 0.0110889
0.000537051 0.0110891
0.000537393 0.0110893
0.000537735 0.0110896
0.000538077 0.0110898
0.00053842 0.01109
0.000538763 0.0110902
0.000539106 0.0110904
0.00053945 0.0110906
0.000539793 0.0110909
0.000540138 0.0110911
0.000540482 0.0110913
0.000540827 0.0110915
0.000541172 0.0110917
0.000541517 0.0110919
0.000541862 0.0110922
0.000542208 0.0110924
0.000542554 0.0110926
0.000542901 0.0110928
0.000543248 0.011093
0.000543595 0.0110932
0.000543942 0.0110935
0.00054429 0.0110937
0.000544638 0.0110939
0.000544986 0.0110941
0.000545334 0.0110943
0.000545683 0.0110946
0.000546032 0.0110948
0.000546382 0.011095
0.000546731 0.0110952
0.000547082 0.0110954
0.000547432 0.0110957
0.000547783 0.0110959
0.000548133 0.0110961
0.000548485 0.0110963
0.000548836 0.0110965
0.000549188 0.0110968
0.00054954 0.011097
0.000549893 0.0110972
0.000550246 0.0110974
0.000550599 0.0110976
0.000550952 0.0110979
0.000551306 0.0110981
0.00055166 0.0110983
0.000552015 0.0110985
0.000552369 0.0110988
0.000552725 0.011099
0.00055308 0.0110992
0.000553436 0.0110994
0.000553792 0.0110997
0.000554148 0.0110999
0.000554505 0.0111001
0.000554862 0.0111003
0.000555219 0.0111006
0.000555577 0.0111008
0.000555935 0.011101
0.000556293 0.0111012
0.000556651 0.0111015
0.00055701 0.0111017
0.00055737 0.0111019
0.000557729 0.0111021
0.000558089 0.0111024
0.000558449 0.0111026
0.00055881 0.0111028
0.000559171 0.011103
0.000559532 0.0111033
0.000559894 0.0111035
0.000560256 0.0111037
0.000560618 0.0111039
0.000560981 0.0111042
0.000561344 0.0111044
0.000561707 0.0111046
0.00056207 0.0111048
0.000562434 0.0111051
0.000562799 0.0111053
0.000563163 0.0111055
0.000563528 0.0111058
0.000563893 0.011106
0.000564259 0.0111062
0.000564625 0.0111064
0.000564991 0.0111067
0.000565358 0.0111069
0.000565725 0.0111071
0.000566092 0.0111074
0.00056646 0.0111076
0.000566828 0.0111078
0.000567196 0.011108
0.000567565 0.0111083
0.000567934 0.0111085
0.000568303 0.0111087
0.000568673 0.011109
0.000569043 0.0111092
0.000569413 0.0111094
0.000569784 0.0111097
0.000570155 0.0111099
0.000570526 0.0111101
0.000570898 0.0111103
0.00057127 0.0111106
0.000571642 0.0111108
0.000572015 0.011111
0.000572388 0.0111113
0.000572762 0.0111115
0.000573136 0.0111117
0.00057351 0.011112
0.000573884 0.0111122
0.000574259 0.0111124
0.000574634 0.0111127
0.00057501 0.0111129
0.000575385 0.0111131
0.000575762 0.0111134
0.000576138 0.0111136
0.000576515 0.0111138
0.000576892 0.0111141
0.00057727 0.0111143
0.000577648 0.0111145
0.000578026 0.0111148
0.000578404 0.011115
0.000578783 0.0111152
0.000579163 0.0111155
0.000579542 0.0111157
0.000579922 0.0111159
0.000580302 0.0111162
0.000580683 0.0111164
0.000581064 0.0111166
0.000581445 0.0111169
0.000581827 0.0111171
0.000582209 0.0111174
0.000582591 0.0111176
0.000582974 0.0111178
0.000583357 0.0111181
0.00058374 0.0111183
0.000584124 0.0111185
0.000584508 0.0111188
0.000584892 0.011119
0.000585277 0.0111192
0.000585662 0.0111195
0.000586047 0.0111197
0.000586433 0.0111199
0.000586819 0.0111202
0.000587206 0.0111204
0.000587592 0.0111207
0.000587979 0.0111209
0.000588367 0.0111211
0.000588754 0.0111214
0.000589142 0.0111216
0.000589531 0.0111218
0.000589919 0.0111221
0.000590308 0.0111223
0.000590698 0.0111226
0.000591088 0.0111228
0.000591478 0.011123
0.000591868 0.0111233
0.000592259 0.0111235
0.00059265 0.0111238
0.000593041 0.011124
0.000593433 0.0111242
0.000593824 0.0111245
0.000594217 0.0111247
0.000594609 0.011125
0.000595002 0.0111252
0.000595396 0.0111254
0.000595789 0.0111257
0.000596183 0.0111259
0.000596577 0.0111262
0.000596972 0.0111264
0.000597367 0.0111266
0.000597762 0.0111269
0.000598157 0.0111271
0.000598553 0.0111274
0.000598949 0.0111276
0.000599346 0.0111278
0.000599743 0.0111281
0.00060014 0.0111283
0.000600537 0.0111286
0.000600935 0.0111288
0.000601333 0.011129
0.000601731 0.0111293
0.00060213 0.0111295
0.000602529 0.0111298
0.000602928 0.01113
0.000603327 0.0111303
0.000603727 0.0111305
0.000604127 0.0111307
0.000604528 0.011131
0.000604928 0.0111312
0.000605329 0.0111315
0.000605731 0.0111317
0.000606132 0.0111319
0.000606534 0.0111322
0.000606936 0.0111324
0.000607339 0.0111327
0.000607742 0.0111329
0.000608145 0.0111332
0.000608548 0.0111334
0.000608952 0.0111337
0.000609356 0.0111339
0.00060976 0.0111341
0.000610164 0.0111344
0.000610569 0.0111346
0.000610974 0.0111349
0.00061138 0.0111351
0.000611785 0.0111354
0.000612191 0.0111356
0.000612597 0.0111358
0.000613004 0.0111361
0.00061341 0.0111363
0.000613817 0.0111366
0.000614225 0.0111368
0.000614632 0.0111371
0.00061504 0.0111373
0.000615448 0.0111376
0.000615856 0.0111378
0.000616265 0.0111381
0.000616673 0.0111383
0.000617082 0.0111385
0.000617492 0.0111388
0.000617901 0.011139
0.000618311 0.0111393
0.000618721 0.0111395
0.000619131 0.0111398
0.000619542 0.01114
0.000619953 0.0111403
0.000620364 0.0111405
0.000620775 0.0111408
0.000621186 0.011141
0.000621598 0.0111413
0.00062201 0.0111415
0.000622422 0.0111417
0.000622835 0.011142
0.000623247 0.0111422
0.00062366 0.0111425
0.000624074 0.0111427
0.000624487 0.011143
0.0006249 0.0111432
0.000625314 0.0111435
0.000625728 0.0111437
0.000626143 0.011144
0.000626557 0.0111442
0.000626972 0.0111445
0.000627387 0.0111447
0.000627802 0.011145
0.000628217 0.0111452
0.000628633 0.0111455
0.000629049 0.0111457
0.000629465 0.011146
0.000629881 0.0111462
0.000630298 0.0111465
0.000630714 0.0111467
0.000631131 0.0111469
0.000631548 0.0111472
0.000631966 0.0111474
0.000632383 0.0111477
0.000632801 0.0111479
0.000633219 0.0111482
0.000633637 0.0111484
0.000634055 0.0111487
0.000634474 0.0111489
0.000634893 0.0111492
0.000635311 0.0111494
0.000635731 0.0111497
0.00063615 0.0111499
0.00063657 0.0111502
0.000636989 0.0111504
0.000637409 0.0111507
0.000637829 0.0111509
0.00063825 0.0111512
0.00063867 0.0111514
0.000639091 0.0111517
0.000639512 0.0111519
0.000639933 0.0111522
0.000640355 0.0111524
0.000640776 0.0111527
0.000641198 0.0111529
0.00064162 0.0111532
0.000642042 0.0111534
0.000642464 0.0111537
0.000642887 0.0111539
0.000643309 0.0111542
0.000643732 0.0111544
0.000644155 0.0111547
0.000644579 0.0111549
0.000645002 0.0111552
0.000645426 0.0111554
0.00064585 0.0111557
0.000646274 0.011156
0.000646698 0.0111562
0.000647122 0.0111565
0.000647547 0.0111567
0.000647972 0.011157
0.000648397 0.0111572
0.000648822 0.0111575
0.000649247 0.0111577
0.000649673 0.011158
0.000650098 0.0111582
0.000650524 0.0111585
0.00065095 0.0111587
0.000651377 0.011159
0.000651803 0.0111592
0.00065223 0.0111595
0.000652657 0.0111597
0.000653084 0.01116
0.000653511 0.0111602
0.000653938 0.0111605
0.000654366 0.0111607
0.000654793 0.011161
0.000655221 0.0111612
0.000655649 0.0111615
0.000656078 0.0111618
0.000656506 0.011162
0.000656935 0.0111623
0.000657364 0.0111625
0.000657793 0.0111628
0.000658222 0.011163
0.000658651 0.0111633
0.000659081 0.0111635
0.000659511 0.0111638
0.000659941 0.011164
0.000660371 0.0111643
0.000660801 0.0111645
0.000661232 0.0111648
0.000661663 0.011165
0.000662093 0.0111653
0.000662525 0.0111656
0.000662956 0.0111658
0.000663387 0.0111661
0.000663819 0.0111663
0.000664251 0.0111666
0.000664683 0.0111668
0.000665115 0.0111671
0.000665547 0.0111673
0.00066598 0.0111676
0.000666413 0.0111678
0.000666846 0.0111681
0.000667279 0.0111683
0.000667712 0.0111686
0.000668146 0.0111689
0.00066858 0.0111691
0.000669014 0.0111694
0.000669448 0.0111696
0.000669882 0.0111699
0.000670317 0.0111701
0.000670751 0.0111704
0.000671186 0.0111706
0.000671621 0.0111709
0.000672057 0.0111711
0.000672492 0.0111714
0.000672928 0.0111717
0.000673364 0.0111719
0.0006738 0.0111722
0.000674237 0.0111724
0.000674673 0.0111727
0.00067511 0.0111729
0.000675547 0.0111732
0.000675984 0.0111734
0.000676421 0.0111737
0.000676859 0.011174
0.000677297 0.0111742
0.000677735 0.0111745
0.000678173 0.0111747
0.000678611 0.011175
0.00067905 0.0111752
0.000679489 0.0111755
0.000679928 0.0111757
0.000680367 0.011176
0.000680807 0.0111763
0.000681246 0.0111765
0.000681686 0.0111768
0.000682127 0.011177
0.000682567 0.0111773
0.000683008 0.0111775
0.000683448 0.0111778
0.000683889 0.011178
0.000684331 0.0111783
0.000684772 0.0111786
0.000685214 0.0111788
0.000685656 0.0111791
0.000686098 0.0111793
0.000686541 0.0111796
0.000686983 0.0111798
0.000687426 0.0111801
0.00068787 0.0111803
0.000688313 0.0111806
0.000688757 0.0111809
0.0006892 0.0111811
0.000689644 0.0111814
0.000690089 0.0111816
0.000690533 0.0111819
0.000690978 0.0111821
0.000691423 0.0111824
0.000691869 0.0111827
0.000692314 0.0111829
0.00069276 0.0111832
0.000693206 0.0111834
0.000693652 0.0111837
0.000694099 0.0111839
0.000694546 0.0111842
0.000694993 0.0111845
0.00069544 0.0111847
0.000695887 0.011185
0.000696335 0.0111852
0.000696783 0.0111855
0.000697232 0.0111857
0.00069768 0.011186
0.000698129 0.0111862
0.000698578 0.0111865
0.000699027 0.0111868
0.000699477 0.011187
0.000699926 0.0111873
0.000700377 0.0111875
0.000700827 0.0111878
0.000701277 0.011188
0.000701728 0.0111883
0.000702179 0.0111886
0.000702631 0.0111888
0.000703082 0.0111891
0.000703534 0.0111893
0.000703986 0.0111896
0.000704438 0.0111899
0.000704891 0.0111901
0.000705344 0.0111904
0.000705797 0.0111906
0.00070625 0.0111909
0.000706704 0.0111911
0.000707158 0.0111914
0.000707612 0.0111917
0.000708066 0.0111919
0.000708521 0.0111922
0.000708976 0.0111924
0.000709431 0.0111927
0.000709887 0.0111929
0.000710342 0.0111932
0.000710798 0.0111935
0.000711255 0.0111937
0.000711711 0.011194
0.000712168 0.0111942
0.000712625 0.0111945
0.000713082 0.0111947
0.00071354 0.011195
0.000713998 0.0111953
0.000714456 0.0111955
0.000714914 0.0111958
0.000715373 0.011196
0.000715831 0.0111963
0.000716291 0.0111966
0.00071675 0.0111968
0.00071721 0.0111971
0.000717669 0.0111973
0.00071813 0.0111976
0.00071859 0.0111978
0.000719051 0.0111981
0.000719512 0.0111984
0.000719973 0.0111986
0.000720434 0.0111989
0.000720896 0.0111991
0.000721358 0.0111994
0.00072182 0.0111997
0.000722283 0.0111999
0.000722745 0.0112002
0.000723208 0.0112004
0.000723671 0.0112007
0.000724135 0.0112009
0.000724599 0.0112012
0.000725063 0.0112015
0.000725527 0.0112017
0.000725992 0.011202
0.000726456 0.0112022
0.000726921 0.0112025
0.000727387 0.0112028
0.000727852 0.011203
0.000728318 0.0112033
0.000728784 0.0112035
0.00072925 0.0112038
0.000729717 0.0112041
0.000730183 0.0112043
0.000730651 0.0112046
0.000731118 0.0112048
0.000731585 0.0112051
0.000732053 0.0112053
0.000732521 0.0112056
0.000732989 0.0112059
0.000733458 0.0112061
0.000733927 0.0112064
0.000734396 0.0112066
0.000734865 0.0112069
0.000735334 0.0112072
0.000735804 0.0112074
0.000736274 0.0112077
0.000736744 0.0112079
0.000737214 0.0112082
0.000737685 0.0112085
0.000738156 0.0112087
0.000738627 0.011209
0.000739098 0.0112092
0.00073957 0.0112095
0.000740042 0.0112098
0.000740514 0.01121
0.000740986 0.0112103
0.000741459 0.0112105
0.000741931 0.0112108
0.000742404 0.0112111
0.000742877 0.0112113
0.000743351 0.0112116
0.000743824 0.0112118
0.000744298 0.0112121
0.000744772 0.0112123
0.000745246 0.0112126
0.000745721 0.0112129
0.000746196 0.0112131
0.00074667 0.0112134
0.000747146 0.0112136
0.000747621 0.0112139
0.000748096 0.0112142
0.000748572 0.0112144
0.000749048 0.0112147
0.000749524 0.0112149
0.00075 0.0112152
0.000750477 0.0112155
0.000750954 0.0112157
0.000751431 0.011216
0.000751908 0.0112162
0.000752385 0.0112165
0.000752862 0.0112168
0.00075334 0.011217
0.000753818 0.0112173
0.000754296 0.0112175
0.000754774 0.0112178
0.000755253 0.0112181
0.000755731 0.0112183
0.00075621 0.0112186
0.000756689 0.0112188
0.000757168 0.0112191
0.000757648 0.0112194
0.000758127 0.0112196
0.000758607 0.0112199
0.000759087 0.0112201
0.000759567 0.0112204
0.000760047 0.0112207
0.000760527 0.0112209
0.000761008 0.0112212
0.000761488 0.0112214
0.000761969 0.0112217
0.00076245 0.011222
0.000762932 0.0112222
0.000763413 0.0112225
0.000763894 0.0112227
0.000764376 0.011223
0.000764858 0.0112233
0.00076534 0.0112235
0.000765822 0.0112238
0.000766304 0.0112241
0.000766787 0.0112243
0.00076727 0.0112246
0.000767752 0.0112248
0.000768235 0.0112251
0.000768718 0.0112254
0.000769202 0.0112256
0.000769685 0.0112259
0.000770169 0.0112261
0.000770652 0.0112264
0.000771136 0.0112267
0.00077162 0.0112269
0.000772104 0.0112272
0.000772589 0.0112274
0.000773073 0.0112277
0.000773558 0.011228
0.000774043 0.0112282
0.000774527 0.0112285
0.000775012 0.0112287
0.000775498 0.011229
0.000775983 0.0112293
0.000776468 0.0112295
0.000776954 0.0112298
0.00077744 0.01123
0.000777926 0.0112303
0.000778412 0.0112306
0.000778898 0.0112308
0.000779384 0.0112311
0.000779871 0.0112313
0.000780357 0.0112316
0.000780844 0.0112319
0.000781331 0.0112321
0.000781818 0.0112324
0.000782305 0.0112327
0.000782792 0.0112329
0.00078328 0.0112332
0.000783767 0.0112334
0.000784255 0.0112337
0.000784743 0.011234
0.000785231 0.0112342
0.000785719 0.0112345
0.000786207 0.0112347
0.000786696 0.011235
0.000787184 0.0112353
0.000787673 0.0112355
0.000788162 0.0112358
0.000788651 0.011236
0.00078914 0.0112363
0.000789629 0.0112366
0.000790118 0.0112368
0.000790608 0.0112371
0.000791097 0.0112373
0.000791587 0.0112376
0.000792077 0.0112379
0.000792567 0.0112381
0.000793057 0.0112384
0.000793548 0.0112387
0.000794038 0.0112389
0.000794529 0.0112392
0.00079502 0.0112394
0.00079551 0.0112397
0.000796002 0.01124
0.000796493 0.0112402
0.000796984 0.0112405
0.000797475 0.0112407
0.000797967 0.011241
0.000798459 0.0112413
0.000798951 0.0112415
0.000799443 0.0112418
0.000799935 0.011242
0.000800427 0.0112423
0.00080092 0.0112426
0.000801412 0.0112428
0.000801905 0.0112431
0.000802398 0.0112433
0.000802891 0.0112436
0.000803384 0.0112439
0.000803878 0.0112441
0.000804371 0.0112444
0.000804865 0.0112447
0.000805359 0.0112449
0.000805853 0.0112452
0.000806347 0.0112454
0.000806841 0.0112457
0.000807335 0.011246
0.00080783 0.0112462
0.000808325 0.0112465
0.00080882 0.0112467
0.000809315 0.011247
0.00080981 0.0112473
0.000810305 0.0112475
0.000810801 0.0112478
0.000811297 0.011248
0.000811793 0.0112483
0.000812289 0.0112486
0.000812785 0.0112488
0.000813281 0.0112491
0.000813778 0.0112493
0.000814275 0.0112496
0.000814771 0.0112499
0.000815269 0.0112501
0.000815766 0.0112504
0.000816263 0.0112507
0.000816761 0.0112509
0.000817259 0.0112512
0.000817757 0.0112514
0.000818255 0.0112517
0.000818753 0.011252
0.000819252 0.0112522
0.00081975 0.0112525
0.000820249 0.0112527
0.000820748 0.011253
0.000821248 0.0112533
0.000821747 0.0112535
0.000822247 0.0112538
0.000822747 0.011254
0.000823247 0.0112543
0.000823747 0.0112546
0.000824248 0.0112548
0.000824748 0.0112551
0.000825249 0.0112554
0.00082575 0.0112556
0.000826251 0.0112559
0.000826753 0.0112561
0.000827255 0.0112564
0.000827756 0.0112567
0.000828258 0.0112569
0.000828761 0.0112572
0.000829263 0.0112574
0.000829766 0.0112577
0.000830269 0.011258
0.000830772 0.0112582
0.000831275 0.0112585
0.000831779 0.0112587
0.000832283 0.011259
0.000832787 0.0112593
0.000833291 0.0112595
0.000833795 0.0112598
0.0008343 0.01126
0.000834805 0.0112603
0.00083531 0.0112606
0.000835815 0.0112608
0.00083632 0.0112611
0.000836826 0.0112614
0.000837332 0.0112616
0.000837838 0.0112619
0.000838344 0.0112621
0.000838851 0.0112624
0.000839358 0.0112627
0.000839865 0.0112629
0.000840372 0.0112632
0.000840879 0.0112634
0.000841387 0.0112637
0.000841895 0.011264
0.000842403 0.0112642
0.000842911 0.0112645
0.00084342 0.0112647
0.000843929 0.011265
0.000844438 0.0112653
0.000844947 0.0112655
0.000845456 0.0112658
0.000845966 0.011266
0.000846476 0.0112663
0.000846986 0.0112666
0.000847496 0.0112668
0.000848007 0.0112671
0.000848518 0.0112674
0.000849029 0.0112676
0.00084954 0.0112679
0.000850052 0.0112681
0.000850563 0.0112684
0.000851075 0.0112687
0.000851587 0.0112689
0.0008521 0.0112692
0.000852612 0.0112694
0.000853125 0.0112697
0.000853638 0.01127
0.000854151 0.0112702
0.000854665 0.0112705
0.000855179 0.0112707
0.000855693 0.011271
0.000856207 0.0112713
0.000856721 0.0112715
0.000857236 0.0112718
0.000857751 0.0112721
0.000858266 0.0112723
0.000858781 0.0112726
0.000859296 0.0112728
0.000859812 0.0112731
0.000860328 0.0112734
0.000860844 0.0112736
0.000861361 0.0112739
0.000861877 0.0112741
0.000862394 0.0112744
0.000862911 0.0112747
0.000863428 0.0112749
0.000863946 0.0112752
0.000864464 0.0112754
0.000864981 0.0112757
0.0008655 0.011276
0.000866018 0.0112762
0.000866536 0.0112765
0.000867055 0.0112768
0.000867574 0.011277
0.000868093 0.0112773
0.000868613 0.0112775
0.000869132 0.0112778
0.000869652 0.0112781
0.000870172 0.0112783
0.000870692 0.0112786
0.000871213 0.0112788
0.000871733 0.0112791
0.000872254 0.0112794
0.000872775 0.0112796
0.000873296 0.0112799
0.000873818 0.0112802
0.000874339 0.0112804
0.000874861 0.0112807
0.000875383 0.0112809
0.000875906 0.0112812
0.000876428 0.0112815
0.000876951 0.0112817
0.000877473 0.011282
0.000877996 0.0112822
0.000878519 0.0112825
0.000879043 0.0112828
0.000879566 0.011283
0.00088009 0.0112833
0.000880614 0.0112836
0.000881138 0.0112838
0.000881662 0.0112841
0.000882187 0.0112843
0.000882711 0.0112846
0.000883236 0.0112849
0.000883761 0.0112851
0.000884286 0.0112854
0.000884811 0.0112856
0.000885337 0.0112859
0.000885862 0.0112862
0.000886388 0.0112864
0.000886914 0.0112867
0.00088744 0.011287
0.000887967 0.0112872
0.000888493 0.0112875
0.000889019 0.0112877
0.000889546 0.011288
0.000890073 0.0112883
0.0008906 0.0112885
0.000891127 0.0112888
0.000891655 0.011289
0.000892182 0.0112893
0.00089271 0.0112896
0.000893237 0.0112898
0.000893765 0.0112901
0.000894293 0.0112904
0.000894821 0.0112906
0.00089535 0.0112909
0.000895878 0.0112911
0.000896407 0.0112914
0.000896935 0.0112917
0.000897464 0.0112919
0.000897993 0.0112922
0.000898522 0.0112925
0.000899051 0.0112927
0.000899581 0.011293
0.00090011 0.0112932
0.00090064 0.0112935
0.00090117 0.0112938
0.000901699 0.011294
0.000902229 0.0112943
0.000902759 0.0112945
0.00090329 0.0112948
0.00090382 0.0112951
0.00090435 0.0112953
0.000904881 0.0112956
0.000905412 0.0112959
0.000905943 0.0112961
0.000906473 0.0112964
0.000907004 0.0112966
0.000907536 0.0112969
0.000908067 0.0112972
0.000908598 0.0112974
0.00090913 0.0112977
0.000909661 0.011298
0.000910193 0.0112982
0.000910725 0.0112985
0.000911257 0.0112987
0.000911789 0.011299
0.000912321 0.0112993
0.000912853 0.0112995
0.000913386 0.0112998
0.000913918 0.0113001
0.000914451 0.0113003
0.000914983 0.0113006
0.000915516 0.0113008
0.000916049 0.0113011
0.000916582 0.0113014
0.000917115 0.0113016
0.000917648 0.0113019
0.000918182 0.0113022
0.000918715 0.0113024
0.000919249 0.0113027
0.000919782 0.0113029
0.000920316 0.0113032
0.00092085 0.0113035
0.000921384 0.0113037
0.000921918 0.011304
0.000922452 0.0113043
0.000922986 0.0113045
0.000923521 0.0113048
0.000924055 0.011305
0.00092459 0.0113053
0.000925124 0.0113056
0.000925659 0.0113058
0.000926194 0.0113061
0.000926729 0.0113064
0.000927264 0.0113066
0.000927799 0.0113069
0.000928335 0.0113071
0.00092887 0.0113074
0.000929406 0.0113077
0.000929941 0.0113079
0.000930477 0.0113082
0.000931013 0.0113085
0.000931549 0.0113087
0.000932085 0.011309
0.000932621 0.0113092
0.000933158 0.0113095
0.000933694 0.0113098
0.000934231 0.01131
0.000934767 0.0113103
0.000935304 0.0113106
0.000935841 0.0113108
0.000936378 0.0113111
0.000936915 0.0113113
0.000937452 0.0113116
0.00093799 0.0113119
0.000938527 0.0113121
0.000939065 0.0113124
0.000939602 0.0113127
0.00094014 0.0113129
0.000940678 0.0113132
0.000941216 0.0113135
0.000941755 0.0113137
0.000942293 0.011314
0.000942831 0.0113142
0.00094337 0.0113145
0.000943909 0.0113148
0.000944448 0.011315
0.000944987 0.0113153
0.000945526 0.0113156
0.000946065 0.0113158
0.000946605 0.0113161
0.000947144 0.0113163
0.000947684 0.0113166
0.000948224 0.0113169
0.000948764 0.0113171
0.000949304 0.0113174
0.000949844 0.0113177
0.000950385 0.0113179
0.000950925 0.0113182
0.000951466 0.0113185
0.000952007 0.0113187
0.000952548 0.011319
0.000953089 0.0113192
0.000953631 0.0113195
0.000954172 0.0113198
0.000954714 0.01132
0.000955256 0.0113203
0.000955798 0.0113206
0.00095634 0.0113208
0.000956882 0.0113211
0.000957425 0.0113213
0.000957968 0.0113216
0.000958511 0.0113219
0.000959054 0.0113221
0.000959597 0.0113224
0.00096014 0.0113227
0.000960684 0.0113229
0.000961228 0.0113232
0.000961772 0.0113235
0.000962316 0.0113237
0.00096286 0.011324
0.000963405 0.0113242
0.00096395 0.0113245
0.000964495 0.0113248
0.00096504 0.011325
0.000965585 0.0113253
0.00096613 0.0113256
0.000966676 0.0113258
0.000967222 0.0113261
0.000967768 0.0113264
0.000968314 0.0113266
0.000968861 0.0113269
0.000969407 0.0113271
0.000969954 0.0113274
0.000970501 0.0113277
0.000971048 0.0113279
0.000971596 0.0113282
0.000972143 0.0113285
0.000972691 0.0113287
0.000973239 0.011329
0.000973788 0.0113293
0.000974336 0.0113295
0.000974885 0.0113298
0.000975433 0.0113301
0.000975982 0.0113303
0.000976532 0.0113306
0.000977081 0.0113308
0.000977631 0.0113311
0.000978181 0.0113314
0.000978731 0.0113316
0.000979281 0.0113319
0.000979832 0.0113322
0.000980382 0.0113324
0.000980933 0.0113327
0.000981484 0.011333
0.000982036 0.0113332
0.000982587 0.0113335
0.000983139 0.0113338
0.000983691 0.011334
0.000984243 0.0113343
0.000984795 0.0113345
0.000985348 0.0113348
0.000985901 0.0113351
0.000986454 0.0113353
0.000987007 0.0113356
0.00098756 0.0113359
0.000988114 0.0113361
0.000988668 0.0113364
0.000989222 0.0113367
0.000989776 0.0113369
0.000990331 0.0113372
0.000990885 0.0113375
0.00099144 0.0113377
0.000991995 0.011338
0.000992551 0.0113383
0.000993106 0.0113385
0.000993662 0.0113388
0.000994218 0.011339
0.000994774 0.0113393
0.00099533 0.0113396
0.000995887 0.0113398
0.000996443 0.0113401
0.000997 0.0113404
0.000997557 0.0113406
0.000998115 0.0113409
0.000998672 0.0113412
0.00099923 0.0113414
0.000999788 0.0113417
0.00100035 0.011342
0.0010009 0.0113422
0.00100146 0.0113425
0.00100202 0.0113428
0.00100258 0.011343
0.00100314 0.0113433
0.0010037 0.0113436
0.00100426 0.0113438
0.00100482 0.0113441
0.00100538 0.0113444
0.00100594 0.0113446
0.0010065 0.0113449
0.00100706 0.0113452
0.00100762 0.0113454
0.00100818 0.0113457
0.00100874 0.011346
0.0010093 0.0113462
0.00100986 0.0113465
0.00101043 0.0113467
0.00101099 0.011347
0.00101155 0.0113473
0.00101211 0.0113475
0.00101267 0.0113478
0.00101324 0.0113481
0.0010138 0.0113483
0.00101436 0.0113486
0.00101492 0.0113489
0.00101549 0.0113491
0.00101605 0.0113494
0.00101661 0.0113497
0.00101718 0.0113499
0.00101774 0.0113502
0.0010183 0.0113505
0.00101887 0.0113507
0.00101943 0.011351
0.00102 0.0113513
0.00102056 0.0113515
0.00102113 0.0113518
0.00102169 0.0113521
0.00102226 0.0113523
0.00102282 0.0113526
0.00102339 0.0113529
0.00102395 0.0113531
0.00102452 0.0113534
0.00102508 0.0113537
0.00102565 0.0113539
0.00102621 0.0113542
0.00102678 0.0113545
0.00102734 0.0113547
0.00102791 0.011355
0.00102848 0.0113553
0.00102904 0.0113555
0.00102961 0.0113558
0.00103018 0.0113561
0.00103074 0.0113563
0.00103131 0.0113566
0.00103188 0.0113569
0.00103244 0.0113572
0.00103301 0.0113574
0.00103358 0.0113577
0.00103415 0.011358
0.00103471 0.0113582
0.00103528 0.0113585
0.00103585 0.0113588
0.00103642 0.011359
0.00103698 0.0113593
0.00103755 0.0113596
0.00103812 0.0113598
0.00103869 0.0113601
0.00103926 0.0113604
0.00103982 0.0113606
0.00104039 0.0113609
0.00104096 0.0113612
0.00104153 0.0113614
0.0010421 0.0113617
0.00104267 0.011362
0.00104324 0.0113622
0.0010438 0.0113625
0.00104437 0.0113628
0.00104494 0.011363
0.00104551 0.0113633
0.00104608 0.0113636
0.00104665 0.0113639
0.00104722 0.0113641
0.00104779 0.0113644
0.00104836 0.0113647
0.00104893 0.0113649
0.0010495 0.0113652
0.00105007 0.0113655
0.00105064 0.0113657
0.00105121 0.011366
0.00105178 0.0113663
0.00105235 0.0113665
0.00105292 0.0113668
0.00105349 0.0113671
0.00105406 0.0113673
0.00105463 0.0113676
0.0010552 0.0113679
0.00105577 0.0113682
0.00105634 0.0113684
0.00105691 0.0113687
0.00105748 0.011369
0.00105806 0.0113692
0.00105863 0.0113695
0.0010592 0.0113698
0.00105977 0.01137
0.00106034 0.0113703
0.00106091 0.0113706
0.00106148 0.0113709
0.00106205 0.0113711
0.00106263 0.0113714
0.0010632 0.0113717
0.00106377 0.0113719
0.00106434 0.0113722
0.00106491 0.0113725
0.00106549 0.0113727
0.00106606 0.011373
0.00106663 0.0113733
0.0010672 0.0113736
0.00106777 0.0113738
0.00106835 0.0113741
0.00106892 0.0113744
0.00106949 0.0113746
0.00107006 0.0113749
0.00107064 0.0113752
0.00107121 0.0113754
0.00107178 0.0113757
0.00107236 0.011376
0.00107293 0.0113763
0.0010735 0.0113765
0.00107408 0.0113768
0.00107465 0.0113771
0.00107522 0.0113773
0.0010758 0.0113776
0.00107637 0.0113779
0.00107695 0.0113782
0.00107752 0.0113784
0.00107809 0.0113787
0.00107867 0.011379
0.00107924 0.0113792
0.00107982 0.0113795
0.00108039 0.0113798
0.00108097 0.0113801
0.00108154 0.0113803
0.00108212 0.0113806
0.00108269 0.0113809
0.00108327 0.0113811
0.00108384 0.0113814
0.00108442 0.0113817
0.00108499 0.011382
0.00108557 0.0113822
0.00108614 0.0113825
0.00108672 0.0113828
0.0010873 0.011383
0.00108787 0.0113833
0.00108845 0.0113836
0.00108902 0.0113839
0.0010896 0.0113841
0.00109018 0.0113844
0.00109075 0.0113847
0.00109133 0.011385
0.00109191 0.0113852
0.00109249 0.0113855
0.00109306 0.0113858
0.00109364 0.011386
0.00109422 0.0113863
0.0010948 0.0113866
0.00109538 0.0113869
0.00109595 0.0113871
0.00109653 0.0113874
0.00109711 0.0113877
0.00109769 0.011388
0.00109827 0.0113882
0.00109885 0.0113885
0.00109943 0.0113888
0.0011 0.0113891
0.00110058 0.0113893
0.00110116 0.0113896
0.00110174 0.0113899
0.00110232 0.0113901
0.0011029 0.0113904
0.00110348 0.0113907
0.00110406 0.011391
0.00110465 0.0113912
0.00110523 0.0113915
0.00110581 0.0113918
0.00110639 0.0113921
0.00110697 0.0113923
0.00110755 0.0113926
0.00110813 0.0113929
0.00110871 0.0113932
0.0011093 0.0113934
0.00110988 0.0113937
0.00111046 0.011394
0.00111104 0.0113943
0.00111163 0.0113945
0.00111221 0.0113948
0.00111279 0.0113951
0.00111337 0.0113954
0.00111396 0.0113956
0.00111454 0.0113959
0.00111512 0.0113962
0.00111571 0.0113965
0.00111629 0.0113967
0.00111688 0.011397
0.00111746 0.0113973
0.00111805 0.0113976
0.00111863 0.0113978
0.00111921 0.0113981
0.0011198 0.0113984
0.00112038 0.0113987
0.00112097 0.0113989
0.00112156 0.0113992
0.00112214 0.0113995
0.00112273 0.0113998
0.00112331 0.0114
0.0011239 0.0114003
0.00112449 0.0114006
0.00112507 0.0114009
0.00112566 0.0114012
0.00112625 0.0114014
0.00112683 0.0114017
0.00112742 0.011402
0.00112801 0.0114023
0.0011286 0.0114025
0.00112918 0.0114028
0.00112977 0.0114031
0.00113036 0.0114034
0.00113095 0.0114036
0.00113154 0.0114039
0.00113212 0.0114042
0.00113271 0.0114045
0.0011333 0.0114048
0.00113389 0.011405
0.00113448 0.0114053
0.00113507 0.0114056
0.00113566 0.0114059
0.00113625 0.0114061
0.00113684 0.0114064
0.00113743 0.0114067
0.00113802 0.011407
0.00113861 0.0114072
0.0011392 0.0114075
0.00113979 0.0114078
0.00114038 0.0114081
0.00114097 0.0114084
0.00114156 0.0114086
0.00114215 0.0114089
0.00114274 0.0114092
0.00114333 0.0114095
0.00114393 0.0114098
0.00114452 0.01141
0.00114511 0.0114103
0.0011457 0.0114106
0.00114629 0.0114109
0.00114689 0.0114111
0.00114748 0.0114114
0.00114807 0.0114117
0.00114866 0.011412
0.00114926 0.0114123
0.00114985 0.0114125
0.00115044 0.0114128
0.00115104 0.0114131
0.00115163 0.0114134
0.00115222 0.0114137
0.00115282 0.0114139
0.00115341 0.0114142
0.001154 0.0114145
0.0011546 0.0114148
0.00115519 0.0114151
0.00115578 0.0114153
0.00115638 0.0114156
0.00115697 0.0114159
0.00115757 0.0114162
0.00115816 0.0114165
0.00115876 0.0114167
0.00115935 0.011417
0.00115995 0.0114173
0.00116054 0.0114176
0.00116114 0.0114179
0.00116173 0.0114181
0.00116233 0.0114184
0.00116292 0.0114187
0.00116352 0.011419
0.00116411 0.0114193
0.00116471 0.0114195
0.0011653 0.0114198
0.0011659 0.0114201
0.00116649 0.0114204
0.00116709 0.0114207
0.00116769 0.0114209
0.00116828 0.0114212
0.00116888 0.0114215
0.00116947 0.0114218
0.00117007 0.0114221
0.00117067 0.0114223
0.00117126 0.0114226
0.00117186 0.0114229
0.00117246 0.0114232
0.00117305 0.0114235
0.00117365 0.0114238
0.00117425 0.011424
0.00117484 0.0114243
0.00117544 0.0114246
0.00117604 0.0114249
0.00117663 0.0114252
0.00117723 0.0114254
0.00117783 0.0114257
0.00117842 0.011426
0.00117902 0.0114263
0.00117962 0.0114266
0.00118022 0.0114269
0.00118081 0.0114271
0.00118141 0.0114274
0.00118201 0.0114277
0.00118261 0.011428
0.0011832 0.0114283
0.0011838 0.0114286
0.0011844 0.0114288
0.001185 0.0114291
0.0011856 0.0114294
0.00118619 0.0114297
0.00118679 0.01143
0.00118739 0.0114303
0.00118799 0.0114305
0.00118859 0.0114308
0.00118919 0.0114311
0.00118978 0.0114314
0.00119038 0.0114317
0.00119098 0.011432
0.00119158 0.0114322
0.00119218 0.0114325
0.00119278 0.0114328
0.00119338 0.0114331
0.00119397 0.0114334
0.00119457 0.0114337
0.00119517 0.0114339
0.00119577 0.0114342
0.00119637 0.0114345
0.00119697 0.0114348
0.00119757 0.0114351
0.00119817 0.0114354
0.00119877 0.0114356
0.00119937 0.0114359
0.00119997 0.0114362
0.00120057 0.0114365
0.00120117 0.0114368
0.00120177 0.0114371
0.00120237 0.0114374
0.00120297 0.0114376
0.00120357 0.0114379
0.00120417 0.0114382
0.00120477 0.0114385
0.00120537 0.0114388
0.00120597 0.0114391
0.00120657 0.0114394
0.00120717 0.0114396
0.00120777 0.0114399
0.00120837 0.0114402
0.00120897 0.0114405
0.00120957 0.0114408
0.00121017 0.0114411
0.00121077 0.0114414
0.00121137 0.0114416
0.00121197 0.0114419
0.00121257 0.0114422
0.00121317 0.0114425
0.00121378 0.0114428
0.00121438 0.0114431
0.00121498 0.0114434
0.00121558 0.0114436
0.00121618 0.0114439
0.00121678 0.0114442
0.00121738 0.0114445
0.00121799 0.0114448
0.00121859 0.0114451
0.00121919 0.0114454
0.00121979 0.0114457
0.00122039 0.0114459
0.001221 0.0114462
0.0012216 0.0114465
0.0012222 0.0114468
0.0012228 0.0114471
0.00122341 0.0114474
0.00122401 0.0114477
0.00122461 0.011448
0.00122521 0.0114482
0.00122582 0.0114485
0.00122642 0.0114488
0.00122702 0.0114491
0.00122763 0.0114494
0.00122823 0.0114497
0.00122883 0.01145
0.00122944 0.0114503
0.00123004 0.0114506
0.00123065 0.0114508
0.00123125 0.0114511
0.00123185 0.0114514
0.00123246 0.0114517
0.00123306 0.011452
0.00123367 0.0114523
0.00123427 0.0114526
0.00123488 0.0114529
0.00123548 0.0114532
0.00123609 0.0114534
0.00123669 0.0114537
0.0012373 0.011454
0.0012379 0.0114543
0.00123851 0.0114546
0.00123911 0.0114549
0.00123972 0.0114552
0.00124033 0.0114555
0.00124093 0.0114558
0.00124154 0.0114561
0.00124214 0.0114563
0.00124275 0.0114566
0.00124336 0.0114569
0.00124396 0.0114572
0.00124457 0.0114575
0.00124518 0.0114578
0.00124578 0.0114581
0.00124639 0.0114584
0.001247 0.0114587
0.00124761 0.011459
0.00124821 0.0114592
0.00124882 0.0114595
0.00124943 0.0114598
0.00125004 0.0114601
0.00125064 0.0114604
0.00125125 0.0114607
0.00125186 0.011461
0.00125247 0.0114613
0.00125308 0.0114616
0.00125369 0.0114619
0.00125429 0.0114622
0.0012549 0.0114625
0.00125551 0.0114627
0.00125612 0.011463
0.00125673 0.0114633
0.00125734 0.0114636
0.00125795 0.0114639
0.00125856 0.0114642
0.00125917 0.0114645
0.00125978 0.0114648
0.00126039 0.0114651
0.001261 0.0114654
0.00126161 0.0114657
0.00126222 0.011466
0.00126283 0.0114662
0.00126344 0.0114665
0.00126405 0.0114668
0.00126466 0.0114671
0.00126527 0.0114674
0.00126588 0.0114677
0.00126649 0.011468
0.00126711 0.0114683
0.00126772 0.0114686
0.00126833 0.0114689
0.00126894 0.0114692
0.00126955 0.0114695
0.00127016 0.0114698
0.00127078 0.0114701
0.00127139 0.0114704
0.001272 0.0114706
0.00127261 0.0114709
0.00127323 0.0114712
0.00127384 0.0114715
0.00127445 0.0114718
0.00127506 0.0114721
0.00127568 0.0114724
0.00127629 0.0114727
0.0012769 0.011473
0.00127752 0.0114733
0.00127813 0.0114736
0.00127874 0.0114739
0.00127936 0.0114742
0.00127997 0.0114745
0.00128058 0.0114748
0.0012812 0.0114751
0.00128181 0.0114754
0.00128243 0.0114756
0.00128304 0.0114759
0.00128365 0.0114762
0.00128427 0.0114765
0.00128488 0.0114768
0.0012855 0.0114771
0.00128611 0.0114774
0.00128673 0.0114777
0.00128734 0.011478
0.00128796 0.0114783
0.00128857 0.0114786
0.00128919 0.0114789
0.0012898 0.0114792
0.00129042 0.0114795
0.00129103 0.0114798
0.00129165 0.0114801
0.00129226 0.0114804
0.00129288 0.0114807
0.0012935 0.011481
0.00129411 0.0114813
0.00129473 0.0114816
0.00129534 0.0114819
0.00129596 0.0114822
0.00129657 0.0114824
0.00129719 0.0114827
0.00129781 0.011483
0.00129842 0.0114833
0.00129904 0.0114836
0.00129966 0.0114839
0.00130027 0.0114842
0.00130089 0.0114845
0.00130151 0.0114848
0.00130212 0.0114851
0.00130274 0.0114854
0.00130336 0.0114857
0.00130397 0.011486
0.00130459 0.0114863
0.00130521 0.0114866
0.00130582 0.0114869
0.00130644 0.0114872
0.00130706 0.0114875
0.00130768 0.0114878
0.00130829 0.0114881
0.00130891 0.0114884
0.00130953 0.0114887
0.00131015 0.011489
0.00131076 0.0114893
0.00131138 0.0114896
0.001312 0.0114899
0.00131262 0.0114902
0.00131323 0.0114905
0.00131385 0.0114908
0.00131447 0.0114911
0.00131509 0.0114914
0.0013157 0.0114917
0.00131632 0.011492
0.00131694 0.0114923
0.00131756 0.0114926
0.00131818 0.0114929
0.0013188 0.0114932
0.00131941 0.0114935
0.00132003 0.0114938
0.00132065 0.0114941
0.00132127 0.0114944
0.00132189 0.0114947
0.00132251 0.011495
0.00132312 0.0114953
0.00132374 0.0114956
0.00132436 0.0114959
0.00132498 0.0114962
0.0013256 0.0114965
0.00132622 0.0114968
0.00132684 0.0114971
0.00132746 0.0114974
0.00132808 0.0114977
0.00132869 0.011498
0.00132931 0.0114983
0.00132993 0.0114986
0.00133055 0.0114989
0.00133117 0.0114992
0.00133179 0.0114995
0.00133241 0.0114998
0.00133303 0.0115001
0.00133365 0.0115004
0.00133427 0.0115007
0.00133489 0.011501
0.00133551 0.0115013
0.00133613 0.0115016
0.00133675 0.0115019
0.00133737 0.0115022
0.00133799 0.0115025
0.00133861 0.0115028
0.00133923 0.0115031
0.00133985 0.0115034
0.00134047 0.0115037
0.00134109 0.011504
0.00134171 0.0115043
0.00134233 0.0115046
0.00134295 0.0115049
0.00134357 0.0115052
0.00134419 0.0115055
0.00134481 0.0115058
0.00134543 0.0115061
0.00134605 0.0115064
0.00134667 0.0115067
0.00134729 0.011507
0.00134791 0.0115073
0.00134853 0.0115076
0.00134915 0.0115079
0.00134977 0.0115082
0.0013504 0.0115085
0.00135102 0.0115088
0.00135164 0.0115091
0.00135226 0.0115094
0.00135288 0.0115097
0.0013535 0.01151
0.00135412 0.0115103
0.00135475 0.0115106
0.00135537 0.0115109
0.00135599 0.0115112
0.00135661 0.0115115
0.00135723 0.0115118
0.00135785 0.0115121
0.00135848 0.0115124
0.0013591 0.0115127
0.00135972 0.011513
0.00136034 0.0115133
0.00136097 0.0115136
0.00136159 0.0115139
0.00136221 0.0115142
0.00136283 0.0115145
0.00136346 0.0115148
0.00136408 0.0115152
0.0013647 0.0115155
0.00136532 0.0115158
0.00136595 0.0115161
0.00136657 0.0115164
0.00136719 0.0115167
0.00136782 0.011517
0.00136844 0.0115173
0.00136906 0.0115176
0.00136969 0.0115179
0.00137031 0.0115182
0.00137094 0.0115185
0.00137156 0.0115188
0.00137218 0.0115191
0.00137281 0.0115194
0.00137343 0.0115197
0.00137406 0.01152
0.00137468 0.0115203
0.0013753 0.0115206
0.00137593 0.0115209
0.00137655 0.0115212
0.00137718 0.0115215
0.0013778 0.0115219
0.00137843 0.0115222
0.00137905 0.0115225
0.00137968 0.0115228
0.0013803 0.0115231
0.00138093 0.0115234
0.00138155 0.0115237
0.00138218 0.011524
0.0013828 0.0115243
0.00138343 0.0115246
0.00138406 0.0115249
0.00138468 0.0115252
0.00138531 0.0115255
0.00138593 0.0115258
0.00138656 0.0115261
0.00138719 0.0115264
0.00138781 0.0115267
0.00138844 0.011527
0.00138907 0.0115274
0.00138969 0.0115277
0.00139032 0.011528
0.00139095 0.0115283
0.00139157 0.0115286
0.0013922 0.0115289
0.00139283 0.0115292
0.00139346 0.0115295
0.00139408 0.0115298
0.00139471 0.0115301
0.00139534 0.0115304
0.00139597 0.0115307
0.00139659 0.011531
0.00139722 0.0115313
0.00139785 0.0115316
0.00139848 0.0115319
0.00139911 0.0115323
0.00139973 0.0115326
0.00140036 0.0115329
0.00140099 0.0115332
0.00140162 0.0115335
0.00140225 0.0115338
0.00140288 0.0115341
0.0014035 0.0115344
0.00140413 0.0115347
0.00140476 0.011535
0.00140539 0.0115353
0.00140602 0.0115356
0.00140665 0.0115359
0.00140728 0.0115363
0.00140791 0.0115366
0.00140854 0.0115369
0.00140917 0.0115372
0.0014098 0.0115375
0.00141043 0.0115378
0.00141106 0.0115381
0.00141169 0.0115384
0.00141232 0.0115387
0.00141295 0.011539
0.00141358 0.0115393
0.00141421 0.0115396
0.00141484 0.0115399
0.00141547 0.0115403
0.0014161 0.0115406
0.00141673 0.0115409
0.00141736 0.0115412
0.00141799 0.0115415
0.00141862 0.0115418
0.00141925 0.0115421
0.00141989 0.0115424
0.00142052 0.0115427
0.00142115 0.011543
0.00142178 0.0115433
0.00142241 0.0115437
0.00142304 0.011544
0.00142367 0.0115443
0.0014243 0.0115446
0.00142494 0.0115449
0.00142557 0.0115452
0.0014262 0.0115455
0.00142683 0.0115458
0.00142746 0.0115461
0.0014281 0.0115464
0.00142873 0.0115467
0.00142936 0.0115471
0.00142999 0.0115474
0.00143062 0.0115477
0.00143126 0.011548
0.00143189 0.0115483
0.00143252 0.0115486
0.00143315 0.0115489
0.00143379 0.0115492
0.00143442 0.0115495
0.00143505 0.0115498
0.00143568 0.0115501
0.00143632 0.0115505
0.00143695 0.0115508
0.00143758 0.0115511
0.00143822 0.0115514
0.00143885 0.0115517
0.00143948 0.011552
0.00144011 0.0115523
0.00144075 0.0115526
0.00144138 0.0115529
0.00144201 0.0115532
0.00144265 0.0115536
0.00144328 0.0115539
0.00144391 0.0115542
0.00144455 0.0115545
0.00144518 0.0115548
0.00144581 0.0115551
0.00144645 0.0115554
0.00144708 0.0115557
0.00144772 0.011556
0.00144835 0.0115564
0.00144898 0.0115567
0.00144962 0.011557
0.00145025 0.0115573
0.00145088 0.0115576
0.00145152 0.0115579
0.00145215 0.0115582
0.00145279 0.0115585
0.00145342 0.0115588
0.00145405 0.0115592
0.00145469 0.0115595
0.00145532 0.0115598
0.00145596 0.0115601
0.00145659 0.0115604
0.00145723 0.0115607
0.00145786 0.011561
0.00145849 0.0115613
0.00145913 0.0115616
0.00145976 0.011562
0.0014604 0.0115623
0.00146103 0.0115626
0.00146167 0.0115629
0.0014623 0.0115632
0.00146294 0.0115635
0.00146357 0.0115638
0.00146421 0.0115641
0.00146484 0.0115644
0.00146548 0.0115648
0.00146611 0.0115651
0.00146675 0.0115654
0.00146738 0.0115657
0.00146802 0.011566
0.00146865 0.0115663
0.00146929 0.0115666
0.00146992 0.0115669
0.00147056 0.0115673
0.00147119 0.0115676
0.00147183 0.0115679
0.00147246 0.0115682
0.0014731 0.0115685
0.00147373 0.0115688
0.00147437 0.0115691
0.001475 0.0115694
0.00147564 0.0115698
0.00147628 0.0115701
0.00147691 0.0115704
0.00147755 0.0115707
0.00147818 0.011571
0.00147882 0.0115713
0.00147945 0.0115716
0.00148009 0.0115719
0.00148073 0.0115723
0.00148136 0.0115726
0.001482 0.0115729
0.00148263 0.0115732
0.00148327 0.0115735
0.00148391 0.0115738
0.00148454 0.0115741
0.00148518 0.0115744
0.00148582 0.0115748
0.00148645 0.0115751
0.00148709 0.0115754
0.00148773 0.0115757
0.00148836 0.011576
0.001489 0.0115763
0.00148964 0.0115766
0.00149027 0.011577
0.00149091 0.0115773
0.00149155 0.0115776
0.00149218 0.0115779
0.00149282 0.0115782
0.00149346 0.0115785
0.0014941 0.0115788
0.00149473 0.0115791
0.00149537 0.0115795
0.00149601 0.0115798
0.00149665 0.0115801
0.00149728 0.0115804
0.00149792 0.0115807
0.00149856 0.011581
0.0014992 0.0115813
0.00149983 0.0115817
0.00150047 0.011582
0.00150111 0.0115823
0.00150175 0.0115826
0.00150239 0.0115829
0.00150302 0.0115832
0.00150366 0.0115835
0.0015043 0.0115839
0.00150494 0.0115842
0.00150558 0.0115845
0.00150622 0.0115848
0.00150686 0.0115851
0.00150749 0.0115854
0.00150813 0.0115857
0.00150877 0.0115861
0.00150941 0.0115864
0.00151005 0.0115867
0.00151069 0.011587
0.00151133 0.0115873
0.00151197 0.0115876
0.00151261 0.0115879
0.00151325 0.0115883
0.00151389 0.0115886
0.00151453 0.0115889
0.00151517 0.0115892
0.00151581 0.0115895
0.00151645 0.0115898
0.00151709 0.0115901
0.00151773 0.0115905
0.00151837 0.0115908
0.00151901 0.0115911
0.00151965 0.0115914
0.00152029 0.0115917
0.00152093 0.011592
0.00152157 0.0115923
0.00152221 0.0115927
0.00152285 0.011593
0.00152349 0.0115933
0.00152413 0.0115936
0.00152477 0.0115939
0.00152541 0.0115942
0.00152605 0.0115945
0.0015267 0.0115949
0.00152734 0.0115952
0.00152798 0.0115955
0.00152862 0.0115958
0.00152926 0.0115961
0.0015299 0.0115964
0.00153054 0.0115967
0.00153119 0.0115971
0.00153183 0.0115974
0.00153247 0.0115977
0.00153311 0.011598
0.00153375 0.0115983
0.0015344 0.0115986
0.00153504 0.011599
0.00153568 0.0115993
0.00153632 0.0115996
0.00153697 0.0115999
0.00153761 0.0116002
0.00153825 0.0116005
0.0015389 0.0116008
0.00153954 0.0116012
0.00154018 0.0116015
0.00154082 0.0116018
0.00154147 0.0116021
0.00154211 0.0116024
0.00154275 0.0116027
0.0015434 0.0116031
0.00154404 0.0116034
0.00154468 0.0116037
0.00154533 0.011604
0.00154597 0.0116043
0.00154661 0.0116046
0.00154726 0.0116049
0.0015479 0.0116053
0.00154855 0.0116056
0.00154919 0.0116059
0.00154983 0.0116062
0.00155048 0.0116065
0.00155112 0.0116068
0.00155177 0.0116072
0.00155241 0.0116075
0.00155306 0.0116078
0.0015537 0.0116081
0.00155435 0.0116084
0.00155499 0.0116087
0.00155563 0.011609
0.00155628 0.0116094
0.00155692 0.0116097
0.00155757 0.01161
0.00155821 0.0116103
0.00155886 0.0116106
0.0015595 0.0116109
0.00156015 0.0116113
0.00156079 0.0116116
0.00156144 0.0116119
0.00156209 0.0116122
0.00156273 0.0116125
0.00156338 0.0116128
0.00156402 0.0116132
0.00156467 0.0116135
0.00156531 0.0116138
0.00156596 0.0116141
0.0015666 0.0116144
0.00156725 0.0116147
0.0015679 0.011615
0.00156854 0.0116154
0.00156919 0.0116157
0.00156983 0.011616
0.00157048 0.0116163
0.00157113 0.0116166
0.00157177 0.0116169
0.00157242 0.0116173
0.00157306 0.0116176
0.00157371 0.0116179
0.00157436 0.0116182
0.001575 0.0116185
0.00157565 0.0116188
0.00157629 0.0116192
0.00157694 0.0116195
0.00157759 0.0116198
0.00157823 0.0116201
0.00157888 0.0116204
0.00157953 0.0116207
0.00158017 0.0116211
0.00158082 0.0116214
0.00158147 0.0116217
0.00158211 0.011622
0.00158276 0.0116223
0.00158341 0.0116226
0.00158405 0.011623
0.0015847 0.0116233
0.00158535 0.0116236
0.001586 0.0116239
0.00158664 0.0116242
0.00158729 0.0116245
0.00158794 0.0116248
0.00158858 0.0116252
0.00158923 0.0116255
0.00158988 0.0116258
0.00159053 0.0116261
0.00159117 0.0116264
0.00159182 0.0116267
0.00159247 0.0116271
0.00159312 0.0116274
0.00159376 0.0116277
0.00159441 0.011628
0.00159506 0.0116283
0.0015957 0.0116286
0.00159635 0.011629
0.001597 0.0116293
0.00159765 0.0116296
0.0015983 0.0116299
0.00159894 0.0116302
0.00159959 0.0116305
0.00160024 0.0116309
0.00160089 0.0116312
0.00160153 0.0116315
0.00160218 0.0116318
0.00160283 0.0116321
0.00160348 0.0116324
0.00160413 0.0116328
0.00160477 0.0116331
0.00160542 0.0116334
0.00160607 0.0116337
0.00160672 0.011634
0.00160737 0.0116343
0.00160802 0.0116347
0.00160866 0.011635
0.00160931 0.0116353
0.00160996 0.0116356
0.00161061 0.0116359
0.00161126 0.0116362
0.00161191 0.0116366
0.00161255 0.0116369
0.0016132 0.0116372
0.00161385 0.0116375
0.0016145 0.0116378
0.00161515 0.0116381
0.0016158 0.0116385
0.00161645 0.0116388
0.00161709 0.0116391
0.00161774 0.0116394
0.00161839 0.0116397
0.00161904 0.01164
0.00161969 0.0116403
0.00162034 0.0116407
0.00162099 0.011641
0.00162164 0.0116413
0.00162229 0.0116416
0.00162294 0.0116419
0.00162359 0.0116422
0.00162423 0.0116426
0.00162488 0.0116429
0.00162553 0.0116432
0.00162618 0.0116435
0.00162683 0.0116438
0.00162748 0.0116441
0.00162813 0.0116445
0.00162878 0.0116448
0.00162943 0.0116451
0.00163008 0.0116454
0.00163073 0.0116457
0.00163138 0.011646
0.00163203 0.0116464
0.00163268 0.0116467
0.00163333 0.011647
0.00163398 0.0116473
0.00163463 0.0116476
0.00163528 0.0116479
0.00163593 0.0116483
0.00163658 0.0116486
0.00163723 0.0116489
0.00163789 0.0116492
0.00163854 0.0116495
0.00163919 0.0116498
0.00163984 0.0116502
0.00164049 0.0116505
0.00164114 0.0116508
0.00164179 0.0116511
0.00164244 0.0116514
0.00164309 0.0116517
0.00164374 0.0116521
0.0016444 0.0116524
0.00164505 0.0116527
0.0016457 0.011653
0.00164635 0.0116533
0.001647 0.0116536
0.00164765 0.011654
0.0016483 0.0116543
0.00164896 0.0116546
0.00164961 0.0116549
0.00165026 0.0116552
0.00165091 0.0116555
0.00165156 0.0116558
0.00165222 0.0116562
0.00165287 0.0116565
0.00165352 0.0116568
0.00165417 0.0116571
0.00165483 0.0116574
0.00165548 0.0116577
0.00165613 0.0116581
0.00165678 0.0116584
0.00165744 0.0116587
0.00165809 0.011659
0.00165874 0.0116593
0.0016594 0.0116596
0.00166005 0.01166
0.0016607 0.0116603
0.00166136 0.0116606
0.00166201 0.0116609
0.00166266 0.0116612
0.00166332 0.0116615
0.00166397 0.0116619
0.00166462 0.0116622
0.00166528 0.0116625
0.00166593 0.0116628
0.00166659 0.0116631
0.00166724 0.0116634
0.00166789 0.0116638
0.00166855 0.0116641
0.0016692 0.0116644
0.00166986 0.0116647
0.00167051 0.011665
0.00167116 0.0116653
0.00167182 0.0116656
0.00167247 0.011666
0.00167313 0.0116663
0.00167378 0.0116666
0.00167444 0.0116669
0.00167509 0.0116672
0.00167575 0.0116675
0.0016764 0.0116679
0.00167706 0.0116682
0.00167771 0.0116685
0.00167837 0.0116688
0.00167902 0.0116691
0.00167968 0.0116694
0.00168033 0.0116698
0.00168099 0.0116701
0.00168165 0.0116704
0.0016823 0.0116707
0.00168296 0.011671
0.00168361 0.0116713
0.00168427 0.0116717
0.00168492 0.011672
0.00168558 0.0116723
0.00168624 0.0116726
0.00168689 0.0116729
0.00168755 0.0116732
0.0016882 0.0116736
0.00168886 0.0116739
0.00168952 0.0116742
0.00169017 0.0116745
0.00169083 0.0116748
0.00169149 0.0116751
0.00169214 0.0116754
0.0016928 0.0116758
0.00169346 0.0116761
0.00169411 0.0116764
0.00169477 0.0116767
0.00169543 0.011677
0.00169608 0.0116773
0.00169674 0.0116777
0.0016974 0.011678
0.00169805 0.0116783
0.00169871 0.0116786
0.00169937 0.0116789
0.00170003 0.0116792
0.00170068 0.0116796
0.00170134 0.0116799
0.001702 0.0116802
0.00170266 0.0116805
0.00170331 0.0116808
0.00170397 0.0116811
0.00170463 0.0116814
0.00170529 0.0116818
0.00170594 0.0116821
0.0017066 0.0116824
0.00170726 0.0116827
0.00170792 0.011683
0.00170857 0.0116833
0.00170923 0.0116837
0.00170989 0.011684
0.00171055 0.0116843
0.0017112 0.0116846
0.00171186 0.0116849
0.00171252 0.0116852
0.00171318 0.0116856
0.00171384 0.0116859
0.00171449 0.0116862
0.00171515 0.0116865
0.00171581 0.0116868
0.00171647 0.0116871
0.00171713 0.0116875
0.00171779 0.0116878
0.00171844 0.0116881
0.0017191 0.0116884
0.00171976 0.0116887
0.00172042 0.011689
0.00172108 0.0116893
0.00172174 0.0116897
0.00172239 0.01169
0.00172305 0.0116903
0.00172371 0.0116906
0.00172437 0.0116909
0.00172503 0.0116912
0.00172569 0.0116916
0.00172635 0.0116919
0.001727 0.0116922
0.00172766 0.0116925
0.00172832 0.0116928
0.00172898 0.0116931
0.00172964 0.0116934
0.0017303 0.0116938
0.00173096 0.0116941
0.00173162 0.0116944
0.00173227 0.0116947
0.00173293 0.011695
0.00173359 0.0116953
0.00173425 0.0116957
0.00173491 0.011696
0.00173557 0.0116963
0.00173623 0.0116966
0.00173689 0.0116969
0.00173755 0.0116972
0.00173821 0.0116975
0.00173887 0.0116979
0.00173952 0.0116982
0.00174018 0.0116985
0.00174084 0.0116988
0.0017415 0.0116991
0.00174216 0.0116994
0.00174282 0.0116998
0.00174348 0.0117001
0.00174414 0.0117004
0.0017448 0.0117007
0.00174546 0.011701
0.00174612 0.0117013
0.00174678 0.0117017
0.00174744 0.011702
0.0017481 0.0117023
0.00174876 0.0117026
0.00174942 0.0117029
0.00175008 0.0117032
0.00175074 0.0117035
0.0017514 0.0117039
0.00175206 0.0117042
0.00175272 0.0117045
0.00175338 0.0117048
0.00175404 0.0117051
0.0017547 0.0117054
0.00175536 0.0117057
0.00175602 0.0117061
0.00175668 0.0117064
0.00175734 0.0117067
0.001758 0.011707
0.00175866 0.0117073
0.00175932 0.0117076
0.00175998 0.011708
0.00176064 0.0117083
0.0017613 0.0117086
0.00176196 0.0117089
0.00176262 0.0117092
0.00176328 0.0117095
0.00176394 0.0117098
0.0017646 0.0117102
0.00176526 0.0117105
0.00176592 0.0117108
0.00176658 0.0117111
0.00176725 0.0117114
0.00176791 0.0117117
0.00176857 0.011712
0.00176923 0.0117124
0.00176989 0.0117127
0.00177055 0.011713
0.00177121 0.0117133
0.00177187 0.0117136
0.00177254 0.0117139
0.0017732 0.0117143
0.00177386 0.0117146
0.00177452 0.0117149
0.00177518 0.0117152
0.00177584 0.0117155
0.00177651 0.0117158
0.00177717 0.0117161
0.00177783 0.0117165
0.00177849 0.0117168
0.00177915 0.0117171
0.00177982 0.0117174
0.00178048 0.0117177
0.00178114 0.011718
0.0017818 0.0117183
0.00178247 0.0117187
0.00178313 0.011719
0.00178379 0.0117193
0.00178445 0.0117196
0.00178512 0.0117199
0.00178578 0.0117202
0.00178644 0.0117205
0.0017871 0.0117209
0.00178777 0.0117212
0.00178843 0.0117215
0.00178909 0.0117218
0.00178976 0.0117221
0.00179042 0.0117224
0.00179108 0.0117228
0.00179175 0.0117231
0.00179241 0.0117234
0.00179308 0.0117237
0.00179374 0.011724
0.0017944 0.0117243
0.00179507 0.0117246
0.00179573 0.011725
0.00179639 0.0117253
0.00179706 0.0117256
0.00179772 0.0117259
0.00179839 0.0117262
0.00179905 0.0117265
0.00179972 0.0117268
0.00180038 0.0117272
0.00180104 0.0117275
0.00180171 0.0117278
0.00180237 0.0117281
0.00180304 0.0117284
0.0018037 0.0117287
0.00180437 0.011729
0.00180503 0.0117294
0.0018057 0.0117297
0.00180636 0.01173
0.00180703 0.0117303
0.00180769 0.0117306
0.00180836 0.0117309
0.00180903 0.0117312
0.00180969 0.0117316
0.00181036 0.0117319
0.00181102 0.0117322
0.00181169 0.0117325
0.00181235 0.0117328
0.00181302 0.0117331
0.00181369 0.0117334
0.00181435 0.0117338
0.00181502 0.0117341
0.00181568 0.0117344
0.00181635 0.0117347
0.00181702 0.011735
0.00181768 0.0117353
0.00181835 0.0117356
0.00181902 0.011736
0.00181968 0.0117363
0.00182035 0.0117366
0.00182102 0.0117369
0.00182168 0.0117372
0.00182235 0.0117375
0.00182302 0.0117378
0.00182368 0.0117382
0.00182435 0.0117385
0.00182502 0.0117388
0.00182568 0.0117391
0.00182635 0.0117394
0.00182702 0.0117397
0.00182769 0.01174
0.00182835 0.0117404
0.00182902 0.0117407
0.00182969 0.011741
0.00183035 0.0117413
0.00183102 0.0117416
0.00183169 0.0117419
0.00183236 0.0117422
0.00183302 0.0117426
0.00183369 0.0117429
0.00183436 0.0117432
0.00183503 0.0117435
0.0018357 0.0117438
0.00183636 0.0117441
0.00183703 0.0117444
0.0018377 0.0117448
0.00183837 0.0117451
0.00183904 0.0117454
0.0018397 0.0117457
0.00184037 0.011746
0.00184104 0.0117463
0.00184171 0.0117466
0.00184238 0.011747
0.00184304 0.0117473
0.00184371 0.0117476
0.00184438 0.0117479
0.00184505 0.0117482
0.00184572 0.0117485
0.00184639 0.0117488
0.00184705 0.0117492
0.00184772 0.0117495
0.00184839 0.0117498
0.00184906 0.0117501
0.00184973 0.0117504
0.0018504 0.0117507
0.00185106 0.011751
0.00185173 0.0117514
0.0018524 0.0117517
0.00185307 0.011752
0.00185374 0.0117523
0.00185441 0.0117526
0.00185508 0.0117529
0.00185575 0.0117532
0.00185641 0.0117536
0.00185708 0.0117539
0.00185775 0.0117542
0.00185842 0.0117545
0.00185909 0.0117548
0.00185976 0.0117551
0.00186043 0.0117554
0.0018611 0.0117558
0.00186177 0.0117561
0.00186243 0.0117564
0.0018631 0.0117567
0.00186377 0.011757
0.00186444 0.0117573
0.00186511 0.0117576
0.00186578 0.0117579
0.00186645 0.0117583
0.00186712 0.0117586
0.00186779 0.0117589
0.00186846 0.0117592
0.00186913 0.0117595
0.00186979 0.0117598
0.00187046 0.0117601
0.00187113 0.0117605
0.0018718 0.0117608
0.00187247 0.0117611
0.00187314 0.0117614
0.00187381 0.0117617
0.00187448 0.011762
0.00187515 0.0117623
0.00187582 0.0117627
0.00187649 0.011763
0.00187716 0.0117633
0.00187783 0.0117636
0.0018785 0.0117639
0.00187917 0.0117642
0.00187984 0.0117645
0.0018805 0.0117649
0.00188117 0.0117652
0.00188184 0.0117655
0.00188251 0.0117658
0.00188318 0.0117661
0.00188385 0.0117664
0.00188452 0.0117667
0.00188519 0.0117671
0.00188586 0.0117674
0.00188653 0.0117677
0.0018872 0.011768
0.00188787 0.0117683
0.00188854 0.0117686
0.00188921 0.0117689
0.00188988 0.0117693
0.00189055 0.0117696
0.00189122 0.0117699
0.00189189 0.0117702
0.00189256 0.0117705
0.00189323 0.0117708
0.0018939 0.0117711
0.00189457 0.0117714
0.00189524 0.0117718
0.00189591 0.0117721
0.00189659 0.0117724
0.00189726 0.0117727
0.00189793 0.011773
0.0018986 0.0117733
0.00189927 0.0117736
0.00189994 0.011774
0.00190061 0.0117743
0.00190128 0.0117746
0.00190195 0.0117749
0.00190262 0.0117752
0.00190329 0.0117755
0.00190396 0.0117758
0.00190464 0.0117762
0.00190531 0.0117765
0.00190598 0.0117768
0.00190665 0.0117771
0.00190732 0.0117774
0.00190799 0.0117777
0.00190866 0.011778
0.00190933 0.0117784
0.00191001 0.0117787
0.00191068 0.011779
0.00191135 0.0117793
0.00191202 0.0117796
0.00191269 0.0117799
0.00191337 0.0117802
0.00191404 0.0117805
0.00191471 0.0117809
0.00191538 0.0117812
0.00191605 0.0117815
0.00191673 0.0117818
0.0019174 0.0117821
0.00191807 0.0117824
0.00191874 0.0117827
0.00191942 0.0117831
0.00192009 0.0117834
0.00192076 0.0117837
0.00192143 0.011784
0.00192211 0.0117843
0.00192278 0.0117846
0.00192345 0.0117849
0.00192413 0.0117853
0.0019248 0.0117856
0.00192547 0.0117859
0.00192615 0.0117862
0.00192682 0.0117865
0.00192749 0.0117868
0.00192817 0.0117871
0.00192884 0.0117875
0.00192951 0.0117878
0.00193019 0.0117881
0.00193086 0.0117884
0.00193154 0.0117887
0.00193221 0.011789
0.00193288 0.0117893
0.00193356 0.0117897
0.00193423 0.01179
0.00193491 0.0117903
0.00193558 0.0117906
0.00193626 0.0117909
0.00193693 0.0117912
0.00193761 0.0117915
0.00193828 0.0117919
0.00193896 0.0117922
0.00193963 0.0117925
0.00194031 0.0117928
0.00194098 0.0117931
0.00194166 0.0117934
0.00194233 0.0117937
0.00194301 0.011794
0.00194368 0.0117944
0.00194436 0.0117947
0.00194503 0.011795
0.00194571 0.0117953
0.00194638 0.0117956
0.00194706 0.0117959
0.00194773 0.0117962
0.00194841 0.0117966
0.00194909 0.0117969
0.00194976 0.0117972
0.00195044 0.0117975
0.00195111 0.0117978
0.00195179 0.0117981
0.00195247 0.0117984
0.00195314 0.0117988
0.00195382 0.0117991
0.0019545 0.0117994
0.00195517 0.0117997
0.00195585 0.0118
0.00195653 0.0118003
0.0019572 0.0118006
0.00195788 0.011801
0.00195856 0.0118013
0.00195923 0.0118016
0.00195991 0.0118019
0.00196059 0.0118022
0.00196126 0.0118025
0.00196194 0.0118028
0.00196262 0.0118032
0.0019633 0.0118035
0.00196397 0.0118038
0.00196465 0.0118041
0.00196533 0.0118044
0.00196601 0.0118047
0.00196668 0.011805
0.00196736 0.0118054
0.00196804 0.0118057
0.00196872 0.011806
0.00196939 0.0118063
0.00197007 0.0118066
0.00197075 0.0118069
0.00197143 0.0118072
0.0019721 0.0118076
0.00197278 0.0118079
0.00197346 0.0118082
0.00197414 0.0118085
0.00197482 0.0118088
0.00197549 0.0118091
0.00197617 0.0118094
0.00197685 0.0118098
0.00197753 0.0118101
0.00197821 0.0118104
0.00197888 0.0118107
0.00197956 0.011811
0.00198024 0.0118113
0.00198092 0.0118116
0.0019816 0.011812
0.00198228 0.0118123
0.00198295 0.0118126
0.00198363 0.0118129
0.00198431 0.0118132
0.00198499 0.0118135
0.00198567 0.0118139
0.00198634 0.0118142
0.00198702 0.0118145
0.0019877 0.0118148
0.00198838 0.0118151
0.00198906 0.0118154
0.00198974 0.0118157
0.00199042 0.0118161
0.00199109 0.0118164
0.00199177 0.0118167
0.00199245 0.011817
0.00199313 0.0118173
0.00199381 0.0118176
0.00199449 0.0118179
0.00199517 0.0118183
0.00199584 0.0118186
0.00199652 0.0118189
0.0019972 0.0118192
0.00199788 0.0118195
0.00199856 0.0118198
0.00199924 0.0118201
0.00199992 0.0118205
0.00200059 0.0118208
0.00200127 0.0118211
0.00200195 0.0118214
0.00200263 0.0118217
0.00200331 0.011822
0.00200399 0.0118224
0.00200467 0.0118227
0.00200535 0.011823
0.00200602 0.0118233
0.0020067 0.0118236
0.00200738 0.0118239
0.00200806 0.0118242
0.00200874 0.0118246
0.00200942 0.0118249
0.0020101 0.0118252
0.00201078 0.0118255
0.00201146 0.0118258
0.00201213 0.0118261
0.00201281 0.0118265
0.00201349 0.0118268
0.00201417 0.0118271
0.00201485 0.0118274
0.00201553 0.0118277
0.00201621 0.011828
0.00201689 0.0118283
0.00201757 0.0118287
0.00201825 0.011829
0.00201893 0.0118293
0.00201961 0.0118296
0.00202028 0.0118299
0.00202096 0.0118302
0.00202164 0.0118306
0.00202232 0.0118309
0.002023 0.0118312
0.00202368 0.0118315
0.00202436 0.0118318
0.00202504 0.0118321
0.00202572 0.0118324
0.0020264 0.0118328
0.00202708 0.0118331
0.00202776 0.0118334
0.00202844 0.0118337
0.00202912 0.011834
0.0020298 0.0118343
0.00203048 0.0118347
0.00203116 0.011835
0.00203184 0.0118353
0.00203252 0.0118356
0.0020332 0.0118359
0.00203388 0.0118362
0.00203456 0.0118366
0.00203524 0.0118369
0.00203592 0.0118372
0.0020366 0.0118375
0.00203728 0.0118378
0.00203796 0.0118381
0.00203864 0.0118384
0.00203932 0.0118388
0.00204 0.0118391
0.00204068 0.0118394
0.00204136 0.0118397
0.00204204 0.01184
0.00204272 0.0118403
0.0020434 0.0118407
0.00204408 0.011841
0.00204476 0.0118413
0.00204544 0.0118416
0.00204613 0.0118419
0.00204681 0.0118422
0.00204749 0.0118426
0.00204817 0.0118429
0.00204885 0.0118432
0.00204953 0.0118435
0.00205021 0.0118438
0.00205089 0.0118441
0.00205158 0.0118445
0.00205226 0.0118448
0.00205294 0.0118451
0.00205362 0.0118454
0.0020543 0.0118457
0.00205498 0.011846
0.00205567 0.0118464
0.00205635 0.0118467
0.00205703 0.011847
0.00205771 0.0118473
0.00205839 0.0118476
0.00205908 0.0118479
0.00205976 0.0118483
0.00206044 0.0118486
0.00206112 0.0118489
0.00206181 0.0118492
0.00206249 0.0118495
0.00206317 0.0118498
0.00206385 0.0118502
0.00206454 0.0118505
0.00206522 0.0118508
0.0020659 0.0118511
0.00206659 0.0118514
0.00206727 0.0118517
0.00206795 0.0118521
0.00206864 0.0118524
0.00206932 0.0118527
0.00207 0.011853
0.00207069 0.0118533
0.00207137 0.0118537
0.00207205 0.011854
0.00207274 0.0118543
0.00207342 0.0118546
0.0020741 0.0118549
0.00207479 0.0118552
0.00207547 0.0118556
0.00207616 0.0118559
0.00207684 0.0118562
0.00207752 0.0118565
0.00207821 0.0118568
0.00207889 0.0118571
0.00207958 0.0118575
0.00208026 0.0118578
0.00208095 0.0118581
0.00208163 0.0118584
0.00208231 0.0118587
0.002083 0.0118591
0.00208368 0.0118594
0.00208437 0.0118597
0.00208505 0.01186
0.00208574 0.0118603
0.00208642 0.0118606
0.00208711 0.011861
0.00208779 0.0118613
0.00208848 0.0118616
0.00208916 0.0118619
0.00208985 0.0118622
0.00209053 0.0118625
0.00209122 0.0118629
0.0020919 0.0118632
0.00209259 0.0118635
0.00209328 0.0118638
0.00209396 0.0118641
0.00209465 0.0118645
0.00209533 0.0118648
0.00209602 0.0118651
0.0020967 0.0118654
0.00209739 0.0118657
0.00209808 0.011866
0.00209876 0.0118664
0.00209945 0.0118667
0.00210013 0.011867
0.00210082 0.0118673
0.0021015 0.0118676
0.00210219 0.011868
0.00210288 0.0118683
0.00210356 0.0118686
0.00210425 0.0118689
0.00210494 0.0118692
0.00210562 0.0118696
0.00210631 0.0118699
0.00210699 0.0118702
0.00210768 0.0118705
0.00210837 0.0118708
0.00210905 0.0118711
0.00210974 0.0118715
0.00211043 0.0118718
0.00211111 0.0118721
0.0021118 0.0118724
0.00211249 0.0118727
0.00211317 0.0118731
0.00211386 0.0118734
0.00211455 0.0118737
0.00211523 0.011874
0.00211592 0.0118743
0.00211661 0.0118747
0.00211729 0.011875
0.00211798 0.0118753
0.00211867 0.0118756
0.00211935 0.0118759
0.00212004 0.0118763
0.00212073 0.0118766
0.00212141 0.0118769
0.0021221 0.0118772
0.00212279 0.0118775
0.00212347 0.0118779
0.00212416 0.0118782
0.00212485 0.0118785
0.00212553 0.0118788
0.00212622 0.0118791
0.00212691 0.0118794
0.00212759 0.0118798
0.00212828 0.0118801
0.00212897 0.0118804
0.00212966 0.0118807
0.00213034 0.011881
0.00213103 0.0118814
0.00213172 0.0118817
0.0021324 0.011882
0.00213309 0.0118823
0.00213378 0.0118826
0.00213446 0.011883
0.00213515 0.0118833
0.00213584 0.0118836
0.00213653 0.0118839
0.00213721 0.0118842
0.0021379 0.0118846
0.00213859 0.0118849
0.00213928 0.0118852
0.00213996 0.0118855
0.00214065 0.0118858
0.00214134 0.0118862
0.00214202 0.0118865
0.00214271 0.0118868
0.0021434 0.0118871
0.00214409 0.0118875
0.00214477 0.0118878
0.00214546 0.0118881
0.00214615 0.0118884
0.00214684 0.0118887
0.00214752 0.0118891
0.00214821 0.0118894
0.0021489 0.0118897
0.00214959 0.01189
0.00215027 0.0118903
0.00215096 0.0118907
0.00215165 0.011891
0.00215234 0.0118913
0.00215302 0.0118916
0.00215371 0.0118919
0.0021544 0.0118923
0.00215509 0.0118926
0.00215577 0.0118929
0.00215646 0.0118932
0.00215715 0.0118935
0.00215784 0.0118939
0.00215853 0.0118942
0.00215921 0.0118945
0.0021599 0.0118948
0.00216059 0.0118952
0.00216128 0.0118955
0.00216196 0.0118958
0.00216265 0.0118961
0.00216334 0.0118964
0.00216403 0.0118968
0.00216472 0.0118971
0.0021654 0.0118974
0.00216609 0.0118977
0.00216678 0.011898
0.00216747 0.0118984
0.00216816 0.0118987
0.00216885 0.011899
0.00216953 0.0118993
0.00217022 0.0118997
0.00217091 0.0119
0.0021716 0.0119003
0.00217229 0.0119006
0.00217298 0.0119009
0.00217366 0.0119013
0.00217435 0.0119016
0.00217504 0.0119019
0.00217573 0.0119022
0.00217642 0.0119026
0.00217711 0.0119029
0.0021778 0.0119032
0.00217849 0.0119035
0.00217917 0.0119038
0.00217986 0.0119042
0.00218055 0.0119045
0.00218124 0.0119048
0.00218193 0.0119051
0.00218262 0.0119055
0.00218331 0.0119058
0.002184 0.0119061
0.00218469 0.0119064
0.00218538 0.0119067
0.00218607 0.0119071
0.00218676 0.0119074
0.00218745 0.0119077
0.00218814 0.011908
0.00218883 0.0119084
0.00218952 0.0119087
0.0021902 0.011909
0.00219089 0.0119093
0.00219158 0.0119096
0.00219227 0.01191
0.00219296 0.0119103
0.00219365 0.0119106
0.00219434 0.0119109
0.00219503 0.0119113
0.00219572 0.0119116
0.00219642 0.0119119
0.00219711 0.0119122
0.0021978 0.0119126
0.00219849 0.0119129
0.00219918 0.0119132
0.00219987 0.0119135
0.00220056 0.0119138
0.00220125 0.0119142
0.00220194 0.0119145
0.00220263 0.0119148
0.00220332 0.0119151
0.00220401 0.0119155
0.0022047 0.0119158
0.00220539 0.0119161
0.00220608 0.0119164
0.00220678 0.0119168
0.00220747 0.0119171
0.00220816 0.0119174
0.00220885 0.0119177
0.00220954 0.0119181
0.00221023 0.0119184
0.00221092 0.0119187
0.00221161 0.011919
0.00221231 0.0119194
0.002213 0.0119197
0.00221369 0.01192
0.00221438 0.0119203
0.00221507 0.0119206
0.00221576 0.011921
0.00221646 0.0119213
0.00221715 0.0119216
0.00221784 0.0119219
0.00221853 0.0119223
0.00221922 0.0119226
0.00221992 0.0119229
0.00222061 0.0119232
0.0022213 0.0119236
0.00222199 0.0119239
0.00222269 0.0119242
0.00222338 0.0119245
0.00222407 0.0119249
0.00222476 0.0119252
0.00222545 0.0119255
0.00222615 0.0119258
0.00222684 0.0119262
0.00222753 0.0119265
0.00222822 0.0119268
0.00222892 0.0119271
0.00222961 0.0119275
0.0022303 0.0119278
0.002231 0.0119281
0.00223169 0.0119284
0.00223238 0.0119288
0.00223307 0.0119291
0.00223377 0.0119294
0.00223446 0.0119297
0.00223515 0.0119301
0.00223585 0.0119304
0.00223654 0.0119307
0.00223723 0.011931
0.00223793 0.0119314
0.00223862 0.0119317
0.00223931 0.011932
0.00224001 0.0119323
0.0022407 0.0119327
0.00224139 0.011933
0.00224209 0.0119333
0.00224278 0.0119336
0.00224347 0.011934
0.00224417 0.0119343
0.00224486 0.0119346
0.00224555 0.0119349
0.00224625 0.0119353
0.00224694 0.0119356
0.00224763 0.0119359
0.00224833 0.0119362
0.00224902 0.0119366
0.00224971 0.0119369
0.00225041 0.0119372
0.0022511 0.0119375
0.00225179 0.0119379
0.00225249 0.0119382
0.00225318 0.0119385
0.00225388 0.0119389
0.00225457 0.0119392
0.00225526 0.0119395
0.00225596 0.0119398
0.00225665 0.0119402
0.00225734 0.0119405
0.00225804 0.0119408
0.00225873 0.0119411
0.00225943 0.0119415
0.00226012 0.0119418
0.00226081 0.0119421
0.00226151 0.0119424
0.0022622 0.0119428
0.00226289 0.0119431
0.00226359 0.0119434
0.00226428 0.0119437
0.00226498 0.0119441
0.00226567 0.0119444
0.00226636 0.0119447
0.00226706 0.0119451
0.00226775 0.0119454
0.00226845 0.0119457
0.00226914 0.011946
0.00226984 0.0119464
0.00227053 0.0119467
0.00227122 0.011947
0.00227192 0.0119473
0.00227261 0.0119477
0.00227331 0.011948
0.002274 0.0119483
0.00227469 0.0119486
0.00227539 0.011949
0.00227608 0.0119493
0.00227678 0.0119496
0.00227747 0.01195
0.00227817 0.0119503
0.00227886 0.0119506
0.00227955 0.0119509
0.00228025 0.0119513
0.00228094 0.0119516
0.00228164 0.0119519
0.00228233 0.0119522
0.00228303 0.0119526
0.00228372 0.0119529
0.00228441 0.0119532
0.00228511 0.0119536
0.0022858 0.0119539
0.0022865 0.0119542
0.00228719 0.0119545
0.00228789 0.0119549
0.00228858 0.0119552
0.00228928 0.0119555
0.00228997 0.0119558
0.00229067 0.0119562
0.00229136 0.0119565
0.00229205 0.0119568
0.00229275 0.0119572
0.00229344 0.0119575
0.00229414 0.0119578
0.00229483 0.0119581
0.00229553 0.0119585
0.00229622 0.0119588
0.00229692 0.0119591
0.00229761 0.0119595
0.00229831 0.0119598
0.002299 0.0119601
0.0022997 0.0119604
0.00230039 0.0119608
0.00230109 0.0119611
0.00230178 0.0119614
0.00230248 0.0119618
0.00230317 0.0119621
0.00230387 0.0119624
0.00230456 0.0119627
0.00230526 0.0119631
0.00230595 0.0119634
0.00230665 0.0119637
0.00230734 0.011964
0.00230804 0.0119644
0.00230873 0.0119647
0.00230943 0.011965
0.00231013 0.0119654
0.00231082 0.0119657
0.00231152 0.011966
0.00231221 0.0119663
0.00231291 0.0119667
0.0023136 0.011967
0.0023143 0.0119673
0.00231499 0.0119677
0.00231569 0.011968
0.00231639 0.0119683
0.00231708 0.0119687
0.00231778 0.011969
0.00231847 0.0119693
0.00231917 0.0119696
0.00231987 0.01197
0.00232056 0.0119703
0.00232126 0.0119706
0.00232195 0.011971
0.00232265 0.0119713
0.00232335 0.0119716
0.00232404 0.0119719
0.00232474 0.0119723
0.00232544 0.0119726
0.00232613 0.0119729
0.00232683 0.0119733
0.00232752 0.0119736
0.00232822 0.0119739
0.00232892 0.0119743
0.00232961 0.0119746
0.00233031 0.0119749
0.00233101 0.0119752
0.0023317 0.0119756
0.0023324 0.0119759
0.0023331 0.0119762
0.0023338 0.0119766
0.00233449 0.0119769
0.00233519 0.0119772
0.00233589 0.0119775
0.00233658 0.0119779
0.00233728 0.0119782
0.00233798 0.0119785
0.00233867 0.0119789
0.00233937 0.0119792
0.00234007 0.0119795
0.00234077 0.0119799
0.00234146 0.0119802
0.00234216 0.0119805
0.00234286 0.0119808
0.00234356 0.0119812
0.00234425 0.0119815
0.00234495 0.0119818
0.00234565 0.0119822
0.00234635 0.0119825
0.00234705 0.0119828
0.00234774 0.0119832
0.00234844 0.0119835
0.00234914 0.0119838
0.00234984 0.0119841
0.00235053 0.0119845
0.00235123 0.0119848
0.00235193 0.0119851
0.00235263 0.0119855
0.00235333 0.0119858
0.00235403 0.0119861
0.00235472 0.0119865
0.00235542 0.0119868
0.00235612 0.0119871
0.00235682 0.0119875
0.00235752 0.0119878
0.00235822 0.0119881
0.00235891 0.0119884
0.00235961 0.0119888
0.00236031 0.0119891
0.00236101 0.0119894
0.00236171 0.0119898
0.00236241 0.0119901
0.00236311 0.0119904
0.0023638 0.0119908
0.0023645 0.0119911
0.0023652 0.0119914
0.0023659 0.0119918
0.0023666 0.0119921
0.0023673 0.0119924
0.002368 0.0119927
0.0023687 0.0119931
0.0023694 0.0119934
0.00237009 0.0119937
0.00237079 0.0119941
0.00237149 0.0119944
0.00237219 0.0119947
0.00237289 0.0119951
0.00237359 0.0119954
0.00237429 0.0119957
0.00237499 0.0119961
0.00237569 0.0119964
0.00237639 0.0119967
0.00237709 0.0119971
0.00237779 0.0119974
0.00237849 0.0119977
0.00237918 0.011998
0.00237988 0.0119984
0.00238058 0.0119987
0.00238128 0.011999
0.00238198 0.0119994
0.00238268 0.0119997
0.00238338 0.012
0.00238408 0.0120004
0.00238478 0.0120007
0.00238548 0.012001
0.00238618 0.0120014
0.00238688 0.0120017
0.00238758 0.012002
0.00238828 0.0120024
0.00238898 0.0120027
0.00238968 0.012003
0.00239038 0.0120034
0.00239108 0.0120037
0.00239178 0.012004
0.00239248 0.0120044
0.00239318 0.0120047
0.00239388 0.012005
0.00239458 0.0120053
0.00239528 0.0120057
0.00239598 0.012006
0.00239668 0.0120063
0.00239738 0.0120067
0.00239808 0.012007
0.00239878 0.0120073
0.00239948 0.0120077
0.00240018 0.012008
0.00240088 0.0120083
0.00240158 0.0120087
0.00240228 0.012009
0.00240298 0.0120093
0.00240368 0.0120097
0.00240438 0.01201
0.00240508 0.0120103
0.00240578 0.0120107
0.00240648 0.012011
0.00240718 0.0120113
0.00240788 0.0120117
0.00240858 0.012012
0.00240928 0.0120123
0.00240998 0.0120127
0.00241068 0.012013
0.00241138 0.0120133
0.00241208 0.0120137
0.00241278 0.012014
0.00241348 0.0120143
0.00241418 0.0120147
0.00241488 0.012015
0.00241558 0.0120153
0.00241628 0.0120156
0.00241698 0.012016
0.00241768 0.0120163
0.00241838 0.0120166
0.00241908 0.012017
0.00241978 0.0120173
0.00242048 0.0120176
0.00242118 0.012018
0.00242188 0.0120183
0.00242258 0.0120186
0.00242328 0.012019
0.00242398 0.0120193
0.00242468 0.0120196
0.00242538 0.01202
0.00242608 0.0120203
0.00242678 0.0120206
0.00242748 0.012021
0.00242819 0.0120213
0.00242889 0.0120216
0.00242959 0.012022
0.00243029 0.0120223
0.00243099 0.0120226
0.00243169 0.012023
0.00243239 0.0120233
0.00243309 0.0120236
0.00243379 0.012024
0.00243449 0.0120243
0.00243519 0.0120246
0.00243589 0.012025
0.00243659 0.0120253
0.0024373 0.0120256
0.002438 0.012026
0.0024387 0.0120263
0.0024394 0.0120266
0.0024401 0.012027
0.0024408 0.0120273
0.0024415 0.0120276
0.0024422 0.012028
0.0024429 0.0120283
0.0024436 0.0120286
0.00244431 0.012029
0.00244501 0.0120293
0.00244571 0.0120296
0.00244641 0.01203
0.00244711 0.0120303
0.00244781 0.0120306
0.00244851 0.012031
0.00244922 0.0120313
0.00244992 0.0120316
0.00245062 0.012032
0.00245132 0.0120323
0.00245202 0.0120326
