0.000397759 0.01
0.000397759 0.01
0.00039776 0.01
0.000397762 0.01
0.000397764 0.01
0.000397767 0.01
0.00039777 0.01
0.000397774 0.00999999
0.000397779 0.00999999
0.000397784 0.00999999
0.000397789 0.00999999
0.000397795 0.00999999
0.000397802 0.00999998
0.000397809 0.00999998
0.000397817 0.00999998
0.000397825 0.00999998
0.000397834 0.00999997
0.000397844 0.00999997
0.000397854 0.00999997
0.000397865 0.00999996
0.000397876 0.00999996
0.000397887 0.00999995
0.0003979 0.00999995
0.000397912 0.00999994
0.000397926 0.00999994
0.00039794 0.00999994
0.000397954 0.00999993
0.000397969 0.00999992
0.000397985 0.00999992
0.000398001 0.00999991
0.000398018 0.00999991
0.000398035 0.0099999
0.000398053 0.00999989
0.000398071 0.00999989
0.00039809 0.00999988
0.00039811 0.00999987
0.00039813 0.00999987
0.00039815 0.00999986
0.000398172 0.00999985
0.000398193 0.00999984
0.000398216 0.00999984
0.000398239 0.00999983
0.000398262 0.00999982
0.000398286 0.00999981
0.000398311 0.0099998
0.000398336 0.00999979
0.000398361 0.00999978
0.000398387 0.00999978
0.000398414 0.00999977
0.000398442 0.00999976
0.000398469 0.00999975
0.000398498 0.00999974
0.000398527 0.00999973
0.000398557 0.00999971
0.000398587 0.0099997
0.000398617 0.00999969
0.000398649 0.00999968
0.00039868 0.00999967
0.000398713 0.00999966
0.000398746 0.00999965
0.000398779 0.00999963
0.000398813 0.00999962
0.000398848 0.00999961
0.000398883 0.0099996
0.000398919 0.00999959
0.000398955 0.00999957
0.000398992 0.00999956
0.000399029 0.00999955
0.000399067 0.00999953
0.000399106 0.00999952
0.000399145 0.0099995
0.000399184 0.00999949
0.000399225 0.00999948
0.000399265 0.00999946
0.000399307 0.00999945
0.000399349 0.00999943
0.000399391 0.00999942
0.000399434 0.0099994
0.000399478 0.00999939
0.000399522 0.00999937
0.000399566 0.00999935
0.000399612 0.00999934
0.000399657 0.00999932
0.000399704 0.0099993
0.000399751 0.00999929
0.000399798 0.00999927
0.000399846 0.00999925
0.000399895 0.00999924
0.000399944 0.00999922
0.000399994 0.0099992
0.000400044 0.00999918
0.000400095 0.00999916
0.000400146 0.00999915
0.000400198 0.00999913
0.000400251 0.00999911
0.000400304 0.00999909
0.000400358 0.00999907
0.000400412 0.00999905
0.000400467 0.00999903
0.000400522 0.00999901
0.000400578 0.00999899
0.000400635 0.00999897
0.000400692 0.00999895
0.000400749 0.00999893
0.000400808 0.00999891
0.000400866 0.00999889
0.000400926 0.00999887
0.000400986 0.00999885
0.000401046 0.00999882
0.000401107 0.0099988
0.000401169 0.00999878
0.000401231 0.00999876
0.000401293 0.00999874
0.000401357 0.00999871
0.000401421 0.00999869
0.000401485 0.00999867
0.00040155 0.00999864
0.000401616 0.00999862
0.000401682 0.0099986
0.000401748 0.00999857
0.000401816 0.00999855
0.000401883 0.00999853
0.000401952 0.0099985
0.000402021 0.00999848
0.00040209 0.00999845
0.00040216 0.00999843
0.000402231 0.0099984
0.000402302 0.00999838
0.000402374 0.00999835
0.000402447 0.00999832
0.000402519 0.0099983
0.000402593 0.00999827
0.000402667 0.00999825
0.000402742 0.00999822
0.000402817 0.00999819
0.000402893 0.00999817
0.000402969 0.00999814
0.000403046 0.00999811
0.000403124 0.00999808
0.000403202 0.00999806
0.00040328 0.00999803
0.00040336 0.009998
0.000403439 0.00999797
0.00040352 0.00999794
0.000403601 0.00999791
0.000403682 0.00999788
0.000403764 0.00999786
0.000403847 0.00999783
0.00040393 0.0099978
0.000404014 0.00999777
0.000404099 0.00999774
0.000404184 0.00999771
0.000404269 0.00999768
0.000404355 0.00999764
0.000404442 0.00999761
0.000404529 0.00999758
0.000404617 0.00999755
0.000404706 0.00999752
0.000404795 0.00999749
0.000404884 0.00999746
0.000404974 0.00999742
0.000405065 0.00999739
0.000405156 0.00999736
0.000405248 0.00999733
0.000405341 0.00999729
0.000405434 0.00999726
0.000405528 0.00999723
0.000405622 0.00999719
0.000405717 0.00999716
0.000405812 0.00999713
0.000405908 0.00999709
0.000406005 0.00999706
0.000406102 0.00999702
0.0004062 0.00999699
0.000406298 0.00999695
0.000406397 0.00999692
0.000406497 0.00999688
0.000406597 0.00999685
0.000406697 0.00999681
0.000406799 0.00999678
0.0004069 0.00999674
0.000407003 0.0099967
0.000407106 0.00999667
0.00040721 0.00999663
0.000407314 0.00999659
0.000407419 0.00999656
0.000407524 0.00999652
0.00040763 0.00999648
0.000407737 0.00999644
0.000407844 0.00999641
0.000407952 0.00999637
0.00040806 0.00999633
0.000408169 0.00999629
0.000408279 0.00999625
0.000408389 0.00999621
0.0004085 0.00999617
0.000408611 0.00999613
0.000408723 0.00999609
0.000408836 0.00999605
0.000408949 0.00999601
0.000409063 0.00999597
0.000409178 0.00999593
0.000409293 0.00999589
0.000409408 0.00999585
0.000409525 0.00999581
0.000409642 0.00999577
0.000409759 0.00999573
0.000409877 0.00999569
0.000409996 0.00999565
0.000410115 0.0099956
0.000410235 0.00999556
0.000410356 0.00999552
0.000410477 0.00999548
0.000410599 0.00999543
0.000410721 0.00999539
0.000410844 0.00999535
0.000410968 0.0099953
0.000411092 0.00999526
0.000411217 0.00999522
0.000411343 0.00999517
0.000411469 0.00999513
0.000411595 0.00999508
0.000411723 0.00999504
0.000411851 0.00999499
0.00041198 0.00999495
0.000412109 0.0099949
0.000412239 0.00999486
0.000412369 0.00999481
0.0004125 0.00999476
0.000412632 0.00999472
0.000412765 0.00999467
0.000412898 0.00999463
0.000413031 0.00999458
0.000413166 0.00999453
0.0004133 0.00999448
0.000413436 0.00999444
0.000413572 0.00999439
0.000413709 0.00999434
0.000413847 0.00999429
0.000413985 0.00999425
0.000414123 0.0099942
0.000414263 0.00999415
0.000414403 0.0099941
0.000414544 0.00999405
0.000414685 0.009994
0.000414827 0.00999395
0.000414969 0.0099939
0.000415113 0.00999385
0.000415257 0.0099938
0.000415401 0.00999375
0.000415546 0.0099937
0.000415692 0.00999365
0.000415839 0.0099936
0.000415986 0.00999355
0.000416134 0.0099935
0.000416282 0.00999345
0.000416431 0.00999339
0.000416581 0.00999334
0.000416731 0.00999329
0.000416882 0.00999324
0.000417034 0.00999319
0.000417186 0.00999313
0.000417339 0.00999308
0.000417493 0.00999303
0.000417647 0.00999297
0.000417802 0.00999292
0.000417958 0.00999287
0.000418114 0.00999281
0.000418271 0.00999276
0.000418429 0.0099927
0.000418587 0.00999265
0.000418746 0.00999259
0.000418905 0.00999254
0.000419066 0.00999248
0.000419227 0.00999243
0.000419388 0.00999237
0.00041955 0.00999232
0.000419713 0.00999226
0.000419877 0.00999221
0.000420041 0.00999215
0.000420206 0.00999209
0.000420372 0.00999204
0.000420538 0.00999198
0.000420705 0.00999192
0.000420873 0.00999186
0.000421041 0.00999181
0.00042121 0.00999175
0.000421379 0.00999169
0.00042155 0.00999163
0.000421721 0.00999157
0.000421892 0.00999151
0.000422065 0.00999146
0.000422238 0.0099914
0.000422411 0.00999134
0.000422586 0.00999128
0.000422761 0.00999122
0.000422936 0.00999116
0.000423113 0.0099911
0.00042329 0.00999104
0.000423468 0.00999098
0.000423646 0.00999092
0.000423825 0.00999085
0.000424005 0.00999079
0.000424185 0.00999073
0.000424367 0.00999067
0.000424548 0.00999061
0.000424731 0.00999055
0.000424914 0.00999048
0.000425098 0.00999042
0.000425283 0.00999036
0.000425468 0.0099903
0.000425654 0.00999023
0.000425841 0.00999017
0.000426028 0.00999011
0.000426216 0.00999004
0.000426405 0.00998998
0.000426594 0.00998992
0.000426784 0.00998985
0.000426975 0.00998979
0.000427167 0.00998972
0.000427359 0.00998966
0.000427552 0.00998959
0.000427745 0.00998953
0.000427939 0.00998946
0.000428134 0.0099894
0.00042833 0.00998933
0.000428526 0.00998926
0.000428723 0.0099892
0.000428921 0.00998913
0.00042912 0.00998906
0.000429319 0.009989
0.000429519 0.00998893
0.000429719 0.00998886
0.00042992 0.00998879
0.000430122 0.00998873
0.000430325 0.00998866
0.000430528 0.00998859
0.000430732 0.00998852
0.000430937 0.00998845
0.000431142 0.00998838
0.000431349 0.00998832
0.000431555 0.00998825
0.000431763 0.00998818
0.000431971 0.00998811
0.00043218 0.00998804
0.00043239 0.00998797
0.0004326 0.0099879
0.000432811 0.00998783
0.000433023 0.00998776
0.000433235 0.00998769
0.000433448 0.00998761
0.000433662 0.00998754
0.000433877 0.00998747
0.000434092 0.0099874
0.000434308 0.00998733
0.000434525 0.00998726
0.000434742 0.00998718
0.00043496 0.00998711
0.000435179 0.00998704
0.000435398 0.00998696
0.000435619 0.00998689
0.00043584 0.00998682
0.000436061 0.00998674
0.000436283 0.00998667
0.000436506 0.0099866
0.00043673 0.00998652
0.000436955 0.00998645
0.00043718 0.00998637
0.000437406 0.0099863
0.000437632 0.00998622
0.000437859 0.00998615
0.000438087 0.00998607
0.000438316 0.009986
0.000438545 0.00998592
0.000438775 0.00998585
0.000439006 0.00998577
0.000439238 0.00998569
0.00043947 0.00998562
0.000439703 0.00998554
0.000439936 0.00998546
0.000440171 0.00998538
0.000440406 0.00998531
0.000440641 0.00998523
0.000440878 0.00998515
0.000441115 0.00998507
0.000441353 0.009985
0.000441591 0.00998492
0.000441831 0.00998484
0.000442071 0.00998476
0.000442311 0.00998468
0.000442553 0.0099846
0.000442795 0.00998452
0.000443037 0.00998444
0.000443281 0.00998436
0.000443525 0.00998428
0.00044377 0.0099842
0.000444015 0.00998412
0.000444262 0.00998404
0.000444509 0.00998396
0.000444756 0.00998388
0.000445005 0.0099838
0.000445254 0.00998371
0.000445504 0.00998363
0.000445754 0.00998355
0.000446005 0.00998347
0.000446257 0.00998339
0.00044651 0.0099833
0.000446763 0.00998322
0.000447017 0.00998314
0.000447272 0.00998305
0.000447527 0.00998297
0.000447783 0.00998289
0.00044804 0.0099828
0.000448297 0.00998272
0.000448555 0.00998263
0.000448814 0.00998255
0.000449074 0.00998246
0.000449334 0.00998238
0.000449595 0.00998229
0.000449856 0.00998221
0.000450119 0.00998212
0.000450382 0.00998204
0.000450645 0.00998195
0.00045091 0.00998187
0.000451175 0.00998178
0.00045144 0.00998169
0.000451707 0.00998161
0.000451974 0.00998152
0.000452242 0.00998143
0.00045251 0.00998134
0.000452779 0.00998126
0.000453049 0.00998117
0.000453319 0.00998108
0.000453591 0.00998099
0.000453863 0.0099809
0.000454135 0.00998082
0.000454408 0.00998073
0.000454682 0.00998064
0.000454957 0.00998055
0.000455232 0.00998046
0.000455508 0.00998037
0.000455784 0.00998028
0.000456062 0.00998019
0.00045634 0.0099801
0.000456618 0.00998001
0.000456897 0.00997992
0.000457177 0.00997983
0.000457458 0.00997974
0.000457739 0.00997964
0.000458021 0.00997955
0.000458304 0.00997946
0.000458587 0.00997937
0.000458871 0.00997928
0.000459155 0.00997919
0.000459441 0.00997909
0.000459726 0.009979
0.000460013 0.00997891
0.0004603 0.00997881
0.000460588 0.00997872
0.000460876 0.00997863
0.000461165 0.00997853
0.000461455 0.00997844
0.000461746 0.00997834
0.000462037 0.00997825
0.000462328 0.00997816
0.000462621 0.00997806
0.000462914 0.00997797
0.000463207 0.00997787
0.000463501 0.00997778
0.000463796 0.00997768
0.000464092 0.00997758
0.000464388 0.00997749
0.000464685 0.00997739
0.000464982 0.0099773
0.00046528 0.0099772
0.000465579 0.0099771
0.000465878 0.009977
0.000466178 0.00997691
0.000466478 0.00997681
0.000466779 0.00997671
0.000467081 0.00997661
0.000467383 0.00997652
0.000467686 0.00997642
0.00046799 0.00997632
0.000468294 0.00997622
0.000468599 0.00997612
0.000468904 0.00997602
0.00046921 0.00997592
0.000469517 0.00997582
0.000469824 0.00997572
0.000470132 0.00997562
0.00047044 0.00997552
0.000470749 0.00997542
0.000471058 0.00997532
0.000471369 0.00997522
0.000471679 0.00997512
0.000471991 0.00997502
0.000472302 0.00997492
0.000472615 0.00997482
0.000472928 0.00997472
0.000473241 0.00997461
0.000473556 0.00997451
0.00047387 0.00997441
0.000474186 0.00997431
0.000474501 0.0099742
0.000474818 0.0099741
0.000475135 0.009974
0.000475452 0.00997389
0.00047577 0.00997379
0.000476089 0.00997369
0.000476408 0.00997358
0.000476728 0.00997348
0.000477048 0.00997337
0.000477369 0.00997327
0.00047769 0.00997316
0.000478012 0.00997306
0.000478334 0.00997295
0.000478657 0.00997285
0.00047898 0.00997274
0.000479304 0.00997264
0.000479628 0.00997253
0.000479953 0.00997242
0.000480279 0.00997232
0.000480605 0.00997221
0.000480931 0.0099721
0.000481258 0.009972
0.000481585 0.00997189
0.000481913 0.00997178
0.000482242 0.00997167
0.00048257 0.00997157
0.0004829 0.00997146
0.000483229 0.00997135
0.00048356 0.00997124
0.000483891 0.00997113
0.000484222 0.00997102
0.000484553 0.00997091
0.000484886 0.00997081
0.000485218 0.0099707
0.000485551 0.00997059
0.000485885 0.00997048
0.000486219 0.00997037
0.000486553 0.00997026
0.000486888 0.00997015
0.000487223 0.00997003
0.000487559 0.00996992
0.000487895 0.00996981
0.000488232 0.0099697
0.000488569 0.00996959
0.000488907 0.00996948
0.000489245 0.00996937
0.000489583 0.00996925
0.000489922 0.00996914
0.000490261 0.00996903
0.000490601 0.00996892
0.000490941 0.0099688
0.000491281 0.00996869
0.000491622 0.00996858
0.000491964 0.00996846
0.000492305 0.00996835
0.000492648 0.00996823
0.00049299 0.00996812
0.000493333 0.00996801
0.000493676 0.00996789
0.00049402 0.00996778
0.000494364 0.00996766
0.000494709 0.00996755
0.000495054 0.00996743
0.000495399 0.00996731
0.000495745 0.0099672
0.000496091 0.00996708
0.000496438 0.00996697
0.000496785 0.00996685
0.000497132 0.00996673
0.00049748 0.00996662
0.000497828 0.0099665
0.000498176 0.00996638
0.000498525 0.00996626
0.000498874 0.00996615
0.000499224 0.00996603
0.000499574 0.00996591
0.000499924 0.00996579
0.000500274 0.00996567
0.000500625 0.00996555
0.000500977 0.00996544
0.000501329 0.00996532
0.000501681 0.0099652
0.000502033 0.00996508
0.000502386 0.00996496
0.000502739 0.00996484
0.000503093 0.00996472
0.000503447 0.0099646
0.000503801 0.00996448
0.000504156 0.00996436
0.00050451 0.00996423
0.000504866 0.00996411
0.000505221 0.00996399
0.000505577 0.00996387
0.000505934 0.00996375
0.00050629 0.00996363
0.000506647 0.0099635
0.000507005 0.00996338
0.000507363 0.00996326
0.000507721 0.00996314
0.000508079 0.00996301
0.000508438 0.00996289
0.000508797 0.00996277
0.000509156 0.00996264
0.000509516 0.00996252
0.000509876 0.00996239
0.000510236 0.00996227
0.000510597 0.00996215
0.000510958 0.00996202
0.000511319 0.0099619
0.000511681 0.00996177
0.000512043 0.00996165
0.000512406 0.00996152
0.000512768 0.00996139
0.000513131 0.00996127
0.000513495 0.00996114
0.000513858 0.00996102
0.000514222 0.00996089
0.000514587 0.00996076
0.000514951 0.00996064
0.000515316 0.00996051
0.000515682 0.00996038
0.000516047 0.00996025
0.000516413 0.00996013
0.000516779 0.00996
0.000517146 0.00995987
0.000517513 0.00995974
0.00051788 0.00995961
0.000518248 0.00995948
0.000518615 0.00995935
0.000518984 0.00995923
0.000519352 0.0099591
0.000519721 0.00995897
0.00052009 0.00995884
0.000520459 0.00995871
0.000520829 0.00995858
0.000521199 0.00995845
0.00052157 0.00995831
0.00052194 0.00995818
0.000522311 0.00995805
0.000522683 0.00995792
0.000523054 0.00995779
0.000523426 0.00995766
0.000523799 0.00995753
0.000524171 0.00995739
0.000524544 0.00995726
0.000524917 0.00995713
0.000525291 0.009957
0.000525665 0.00995686
0.000526039 0.00995673
0.000526414 0.0099566
0.000526788 0.00995646
0.000527164 0.00995633
0.000527539 0.00995619
0.000527915 0.00995606
0.000528291 0.00995593
0.000528667 0.00995579
0.000529044 0.00995566
0.000529421 0.00995552
0.000529799 0.00995539
0.000530176 0.00995525
0.000530555 0.00995511
0.000530933 0.00995498
0.000531312 0.00995484
0.000531691 0.00995471
0.00053207 0.00995457
0.00053245 0.00995443
0.00053283 0.0099543
0.00053321 0.00995416
0.000533591 0.00995402
0.000533972 0.00995388
0.000534353 0.00995375
0.000534735 0.00995361
0.000535117 0.00995347
0.000535499 0.00995333
0.000535882 0.00995319
0.000536265 0.00995305
0.000536648 0.00995291
0.000537032 0.00995278
0.000537416 0.00995264
0.0005378 0.0099525
0.000538185 0.00995236
0.00053857 0.00995222
0.000538955 0.00995208
0.000539341 0.00995193
0.000539727 0.00995179
0.000540113 0.00995165
0.0005405 0.00995151
0.000540887 0.00995137
0.000541275 0.00995123
0.000541663 0.00995109
0.000542051 0.00995094
0.000542439 0.0099508
0.000542828 0.00995066
0.000543218 0.00995052
0.000543607 0.00995037
0.000543997 0.00995023
0.000544388 0.00995009
0.000544778 0.00994994
0.000545169 0.0099498
0.000545561 0.00994966
0.000545953 0.00994951
0.000546345 0.00994937
0.000546737 0.00994922
0.00054713 0.00994908
0.000547524 0.00994893
0.000547917 0.00994879
0.000548312 0.00994864
0.000548706 0.0099485
0.000549101 0.00994835
0.000549496 0.0099482
0.000549892 0.00994806
0.000550288 0.00994791
0.000550684 0.00994776
0.000551081 0.00994762
0.000551478 0.00994747
0.000551876 0.00994732
0.000552274 0.00994717
0.000552673 0.00994703
0.000553071 0.00994688
0.000553471 0.00994673
0.00055387 0.00994658
0.00055427 0.00994643
0.000554671 0.00994628
0.000555072 0.00994614
0.000555473 0.00994599
0.000555874 0.00994584
0.000556277 0.00994569
0.000556679 0.00994554
0.000557082 0.00994539
0.000557485 0.00994524
0.000557889 0.00994509
0.000558293 0.00994494
0.000558698 0.00994478
0.000559103 0.00994463
0.000559508 0.00994448
0.000559914 0.00994433
0.00056032 0.00994418
0.000560727 0.00994403
0.000561134 0.00994387
0.000561541 0.00994372
0.000561949 0.00994357
0.000562358 0.00994342
0.000562766 0.00994326
0.000563175 0.00994311
0.000563585 0.00994296
0.000563995 0.0099428
0.000564406 0.00994265
0.000564816 0.00994249
0.000565228 0.00994234
0.00056564 0.00994219
0.000566052 0.00994203
0.000566464 0.00994188
0.000566877 0.00994172
0.000567291 0.00994157
0.000567705 0.00994141
0.000568119 0.00994126
0.000568534 0.0099411
0.000568949 0.00994094
0.000569365 0.00994079
0.000569781 0.00994063
0.000570197 0.00994047
0.000570614 0.00994032
0.000571031 0.00994016
0.000571449 0.00994
0.000571868 0.00993984
0.000572286 0.00993969
0.000572705 0.00993953
0.000573125 0.00993937
0.000573545 0.00993921
0.000573965 0.00993905
0.000574386 0.0099389
0.000574807 0.00993874
0.000575229 0.00993858
0.000575651 0.00993842
0.000576074 0.00993826
0.000576497 0.0099381
0.00057692 0.00993794
0.000577344 0.00993778
0.000577768 0.00993762
0.000578193 0.00993746
0.000578618 0.0099373
0.000579044 0.00993714
0.00057947 0.00993697
0.000579896 0.00993681
0.000580323 0.00993665
0.00058075 0.00993649
0.000581178 0.00993633
0.000581606 0.00993617
0.000582035 0.009936
0.000582464 0.00993584
0.000582893 0.00993568
0.000583323 0.00993552
0.000583754 0.00993535
0.000584184 0.00993519
0.000584616 0.00993503
0.000585047 0.00993486
0.000585479 0.0099347
0.000585912 0.00993453
0.000586345 0.00993437
0.000586778 0.00993421
0.000587212 0.00993404
0.000587646 0.00993388
0.00058808 0.00993371
0.000588515 0.00993355
0.000588951 0.00993338
0.000589386 0.00993321
0.000589823 0.00993305
0.000590259 0.00993288
0.000590696 0.00993272
0.000591134 0.00993255
0.000591572 0.00993238
0.00059201 0.00993222
0.000592449 0.00993205
0.000592888 0.00993188
0.000593327 0.00993171
0.000593767 0.00993155
0.000594208 0.00993138
0.000594648 0.00993121
0.000595089 0.00993104
0.000595531 0.00993087
0.000595973 0.00993071
0.000596415 0.00993054
0.000596858 0.00993037
0.000597301 0.0099302
0.000597745 0.00993003
0.000598188 0.00992986
0.000598633 0.00992969
0.000599077 0.00992952
0.000599523 0.00992935
0.000599968 0.00992918
0.000600414 0.00992901
0.00060086 0.00992884
0.000601307 0.00992867
0.000601754 0.0099285
0.000602201 0.00992833
0.000602649 0.00992815
0.000603097 0.00992798
0.000603546 0.00992781
0.000603994 0.00992764
0.000604444 0.00992747
0.000604893 0.00992729
0.000605343 0.00992712
0.000605794 0.00992695
0.000606244 0.00992678
0.000606695 0.0099266
0.000607147 0.00992643
0.000607599 0.00992626
0.000608051 0.00992608
0.000608503 0.00992591
0.000608956 0.00992573
0.000609409 0.00992556
0.000609863 0.00992539
0.000610317 0.00992521
0.000610771 0.00992504
0.000611225 0.00992486
0.00061168 0.00992469
0.000612135 0.00992451
0.000612591 0.00992433
0.000613047 0.00992416
0.000613503 0.00992398
0.000613959 0.00992381
0.000614416 0.00992363
0.000614873 0.00992345
0.000615331 0.00992328
0.000615789 0.0099231
0.000616247 0.00992292
0.000616705 0.00992275
0.000617164 0.00992257
0.000617623 0.00992239
0.000618082 0.00992221
0.000618541 0.00992203
0.000619001 0.00992186
0.000619461 0.00992168
0.000619922 0.0099215
0.000620383 0.00992132
0.000620844 0.00992114
0.000621305 0.00992096
0.000621766 0.00992078
0.000622228 0.0099206
0.00062269 0.00992042
0.000623153 0.00992024
0.000623615 0.00992006
0.000624078 0.00991988
0.000624542 0.0099197
0.000625005 0.00991952
0.000625469 0.00991934
0.000625933 0.00991916
0.000626397 0.00991898
0.000626861 0.0099188
0.000627326 0.00991862
0.000627791 0.00991843
0.000628257 0.00991825
0.000628722 0.00991807
0.000629188 0.00991789
0.000629654 0.0099177
0.00063012 0.00991752
0.000630587 0.00991734
0.000631053 0.00991716
0.00063152 0.00991697
0.000631988 0.00991679
0.000632455 0.00991661
0.000632923 0.00991642
0.000633391 0.00991624
0.000633859 0.00991605
0.000634328 0.00991587
0.000634796 0.00991568
0.000635265 0.0099155
0.000635734 0.00991531
0.000636204 0.00991513
0.000636673 0.00991494
0.000637143 0.00991476
0.000637613 0.00991457
0.000638083 0.00991439
0.000638554 0.0099142
0.000639025 0.00991401
0.000639495 0.00991383
0.000639967 0.00991364
0.000640438 0.00991345
0.00064091 0.00991327
0.000641381 0.00991308
0.000641853 0.00991289
0.000642326 0.00991271
0.000642798 0.00991252
0.000643271 0.00991233
0.000643744 0.00991214
0.000644217 0.00991195
0.00064469 0.00991176
0.000645164 0.00991158
0.000645637 0.00991139
0.000646111 0.0099112
0.000646586 0.00991101
0.00064706 0.00991082
0.000647535 0.00991063
0.000648009 0.00991044
0.000648484 0.00991025
0.00064896 0.00991006
0.000649435 0.00990987
0.000649911 0.00990968
0.000650387 0.00990949
0.000650863 0.0099093
0.000651339 0.00990911
0.000651815 0.00990892
0.000652292 0.00990872
0.000652769 0.00990853
0.000653246 0.00990834
0.000653723 0.00990815
0.000654201 0.00990796
0.000654678 0.00990776
0.000655156 0.00990757
0.000655634 0.00990738
0.000656113 0.00990719
0.000656591 0.00990699
0.00065707 0.0099068
0.000657549 0.00990661
0.000658028 0.00990641
0.000658507 0.00990622
0.000658987 0.00990602
0.000659467 0.00990583
0.000659947 0.00990564
0.000660427 0.00990544
0.000660907 0.00990525
0.000661388 0.00990505
0.000661869 0.00990486
0.00066235 0.00990466
0.000662831 0.00990447
0.000663313 0.00990427
0.000663794 0.00990407
0.000664276 0.00990388
0.000664758 0.00990368
0.00066524 0.00990348
0.000665723 0.00990329
0.000666206 0.00990309
0.000666689 0.00990289
0.000667172 0.0099027
0.000667655 0.0099025
0.000668139 0.0099023
0.000668623 0.0099021
0.000669107 0.00990191
0.000669591 0.00990171
0.000670075 0.00990151
0.00067056 0.00990131
0.000671045 0.00990111
0.00067153 0.00990091
0.000672015 0.00990071
0.000672501 0.00990052
0.000672987 0.00990032
0.000673473 0.00990012
0.000673959 0.00989992
0.000674446 0.00989972
0.000674932 0.00989952
0.000675419 0.00989932
0.000675907 0.00989911
0.000676394 0.00989891
0.000676882 0.00989871
0.00067737 0.00989851
0.000677858 0.00989831
0.000678346 0.00989811
0.000678835 0.00989791
0.000679324 0.00989771
0.000679813 0.0098975
0.000680302 0.0098973
0.000680792 0.0098971
0.000681281 0.0098969
0.000681772 0.00989669
0.000682262 0.00989649
0.000682753 0.00989629
0.000683243 0.00989608
0.000683735 0.00989588
0.000684226 0.00989568
0.000684718 0.00989547
0.00068521 0.00989527
0.000685702 0.00989506
0.000686194 0.00989486
0.000686687 0.00989465
0.00068718 0.00989445
0.000687673 0.00989424
0.000688166 0.00989404
0.00068866 0.00989383
0.000689154 0.00989363
0.000689649 0.00989342
0.000690143 0.00989322
0.000690638 0.00989301
0.000691133 0.0098928
0.000691629 0.0098926
0.000692124 0.00989239
0.00069262 0.00989218
0.000693116 0.00989198
0.000693613 0.00989177
0.00069411 0.00989156
0.000694607 0.00989135
0.000695104 0.00989115
0.000695602 0.00989094
0.0006961 0.00989073
0.000696598 0.00989052
0.000697096 0.00989031
0.000697595 0.0098901
0.000698094 0.0098899
0.000698593 0.00988969
0.000699093 0.00988948
0.000699593 0.00988927
0.000700093 0.00988906
0.000700594 0.00988885
0.000701094 0.00988864
0.000701595 0.00988843
0.000702097 0.00988822
0.000702598 0.00988801
0.0007031 0.0098878
0.000703602 0.00988759
0.000704105 0.00988738
0.000704608 0.00988717
0.000705111 0.00988695
0.000705614 0.00988674
0.000706118 0.00988653
0.000706622 0.00988632
0.000707126 0.00988611
0.000707631 0.0098859
0.000708135 0.00988568
0.00070864 0.00988547
0.000709146 0.00988526
0.000709652 0.00988505
0.000710158 0.00988483
0.000710664 0.00988462
0.00071117 0.00988441
0.000711677 0.00988419
0.000712184 0.00988398
0.000712692 0.00988377
0.0007132 0.00988355
0.000713708 0.00988334
0.000714216 0.00988312
0.000714724 0.00988291
0.000715233 0.00988269
0.000715743 0.00988248
0.000716252 0.00988226
0.000716762 0.00988205
0.000717272 0.00988183
0.000717782 0.00988162
0.000718293 0.0098814
0.000718804 0.00988119
0.000719315 0.00988097
0.000719826 0.00988075
0.000720338 0.00988054
0.00072085 0.00988032
0.000721363 0.00988011
0.000721875 0.00987989
0.000722388 0.00987967
0.000722901 0.00987946
0.000723415 0.00987924
0.000723928 0.00987902
0.000724442 0.0098788
0.000724957 0.00987859
0.000725471 0.00987837
0.000725986 0.00987815
0.000726501 0.00987793
0.000727017 0.00987771
0.000727533 0.00987749
0.000728049 0.00987728
0.000728565 0.00987706
0.000729081 0.00987684
0.000729598 0.00987662
0.000730115 0.0098764
0.000730633 0.00987618
0.00073115 0.00987596
0.000731668 0.00987574
0.000732186 0.00987552
0.000732705 0.0098753
0.000733223 0.00987508
0.000733742 0.00987486
0.000734261 0.00987464
0.000734781 0.00987442
0.000735301 0.0098742
0.000735821 0.00987398
0.000736341 0.00987376
0.000736861 0.00987353
0.000737382 0.00987331
0.000737903 0.00987309
0.000738424 0.00987287
0.000738946 0.00987265
0.000739468 0.00987243
0.00073999 0.0098722
0.000740512 0.00987198
0.000741035 0.00987176
0.000741557 0.00987154
0.00074208 0.00987131
0.000742604 0.00987109
0.000743127 0.00987087
0.000743651 0.00987064
0.000744175 0.00987042
0.000744699 0.0098702
0.000745223 0.00986997
0.000745748 0.00986975
0.000746273 0.00986952
0.000746798 0.0098693
0.000747323 0.00986907
0.000747849 0.00986885
0.000748375 0.00986863
0.000748901 0.0098684
0.000749427 0.00986818
0.000749953 0.00986795
0.00075048 0.00986773
0.000751007 0.0098675
0.000751534 0.00986727
0.000752061 0.00986705
0.000752589 0.00986682
0.000753116 0.0098666
0.000753644 0.00986637
0.000754172 0.00986614
0.000754701 0.00986592
0.000755229 0.00986569
0.000755758 0.00986546
0.000756287 0.00986524
0.000756816 0.00986501
0.000757345 0.00986478
0.000757874 0.00986456
0.000758404 0.00986433
0.000758934 0.0098641
0.000759464 0.00986387
0.000759994 0.00986364
0.000760524 0.00986342
0.000761055 0.00986319
0.000761586 0.00986296
0.000762116 0.00986273
0.000762648 0.0098625
0.000763179 0.00986227
0.00076371 0.00986204
0.000764242 0.00986181
0.000764774 0.00986159
0.000765306 0.00986136
0.000765838 0.00986113
0.00076637 0.0098609
0.000766902 0.00986067
0.000767435 0.00986044
0.000767968 0.00986021
0.000768501 0.00985998
0.000769034 0.00985975
0.000769567 0.00985952
0.000770101 0.00985928
0.000770634 0.00985905
0.000771168 0.00985882
0.000771702 0.00985859
0.000772236 0.00985836
0.00077277 0.00985813
0.000773305 0.0098579
0.000773839 0.00985767
0.000774374 0.00985743
0.000774909 0.0098572
0.000775444 0.00985697
0.000775979 0.00985674
0.000776514 0.0098565
0.00077705 0.00985627
0.000777585 0.00985604
0.000778121 0.00985581
0.000778657 0.00985557
0.000779193 0.00985534
0.000779729 0.00985511
0.000780266 0.00985487
0.000780802 0.00985464
0.000781339 0.00985441
0.000781876 0.00985417
0.000782413 0.00985394
0.00078295 0.0098537
0.000783487 0.00985347
0.000784025 0.00985323
0.000784562 0.009853
0.0007851 0.00985276
0.000785638 0.00985253
0.000786176 0.00985229
0.000786714 0.00985206
0.000787252 0.00985182
0.000787791 0.00985159
0.000788329 0.00985135
0.000788868 0.00985112
0.000789407 0.00985088
0.000789946 0.00985065
0.000790485 0.00985041
0.000791025 0.00985017
0.000791564 0.00984994
0.000792104 0.0098497
0.000792644 0.00984946
0.000793183 0.00984923
0.000793724 0.00984899
0.000794264 0.00984875
0.000794804 0.00984851
0.000795345 0.00984828
0.000795885 0.00984804
0.000796426 0.0098478
0.000796967 0.00984756
0.000797508 0.00984733
0.00079805 0.00984709
0.000798591 0.00984685
0.000799133 0.00984661
0.000799674 0.00984637
0.000800216 0.00984613
0.000800758 0.00984589
0.0008013 0.00984566
0.000801843 0.00984542
0.000802385 0.00984518
0.000802928 0.00984494
0.000803471 0.0098447
0.000804014 0.00984446
0.000804557 0.00984422
0.0008051 0.00984398
0.000805644 0.00984374
0.000806187 0.0098435
0.000806731 0.00984326
0.000807275 0.00984302
0.000807819 0.00984278
0.000808363 0.00984254
0.000808908 0.00984229
0.000809452 0.00984205
0.000809997 0.00984181
0.000810542 0.00984157
0.000811087 0.00984133
0.000811632 0.00984109
0.000812178 0.00984085
0.000812724 0.0098406
0.000813269 0.00984036
0.000813815 0.00984012
0.000814361 0.00983988
0.000814908 0.00983964
0.000815454 0.00983939
0.000816001 0.00983915
0.000816548 0.00983891
0.000817095 0.00983866
0.000817642 0.00983842
0.000818189 0.00983818
0.000818737 0.00983793
0.000819285 0.00983769
0.000819833 0.00983745
0.000820381 0.0098372
0.000820929 0.00983696
0.000821478 0.00983671
0.000822027 0.00983647
0.000822575 0.00983623
0.000823125 0.00983598
0.000823674 0.00983574
0.000824223 0.00983549
0.000824773 0.00983525
0.000825323 0.009835
0.000825873 0.00983476
0.000826423 0.00983451
0.000826974 0.00983427
0.000827524 0.00983402
0.000828075 0.00983378
0.000828626 0.00983353
0.000829178 0.00983328
0.000829729 0.00983304
0.000830281 0.00983279
0.000830833 0.00983255
0.000831385 0.0098323
0.000831937 0.00983205
0.00083249 0.00983181
0.000833043 0.00983156
0.000833595 0.00983131
0.000834149 0.00983106
0.000834702 0.00983082
0.000835255 0.00983057
0.000835809 0.00983032
0.000836363 0.00983008
0.000836917 0.00982983
0.000837472 0.00982958
0.000838026 0.00982933
0.000838581 0.00982908
0.000839136 0.00982884
0.000839691 0.00982859
0.000840247 0.00982834
0.000840803 0.00982809
0.000841358 0.00982784
0.000841914 0.00982759
0.000842471 0.00982734
0.000843027 0.0098271
0.000843584 0.00982685
0.000844141 0.0098266
0.000844698 0.00982635
0.000845255 0.0098261
0.000845813 0.00982585
0.000846371 0.0098256
0.000846929 0.00982535
0.000847487 0.0098251
0.000848045 0.00982485
0.000848604 0.0098246
0.000849163 0.00982435
0.000849722 0.0098241
0.000850281 0.00982385
0.00085084 0.0098236
0.0008514 0.00982335
0.00085196 0.0098231
0.00085252 0.00982285
0.00085308 0.00982259
0.000853641 0.00982234
0.000854202 0.00982209
0.000854763 0.00982184
0.000855324 0.00982159
0.000855885 0.00982134
0.000856447 0.00982109
0.000857008 0.00982083
0.00085757 0.00982058
0.000858133 0.00982033
0.000858695 0.00982008
0.000859258 0.00981983
0.00085982 0.00981957
0.000860383 0.00981932
0.000860947 0.00981907
0.00086151 0.00981882
0.000862074 0.00981856
0.000862638 0.00981831
0.000863202 0.00981806
0.000863766 0.0098178
0.00086433 0.00981755
0.000864895 0.0098173
0.00086546 0.00981704
0.000866025 0.00981679
0.00086659 0.00981654
0.000867155 0.00981628
0.000867721 0.00981603
0.000868287 0.00981577
0.000868853 0.00981552
0.000869419 0.00981527
0.000869985 0.00981501
0.000870552 0.00981476
0.000871119 0.0098145
0.000871686 0.00981425
0.000872253 0.00981399
0.00087282 0.00981374
0.000873388 0.00981348
0.000873955 0.00981323
0.000874523 0.00981297
0.000875091 0.00981272
0.00087566 0.00981246
0.000876228 0.00981221
0.000876797 0.00981195
0.000877365 0.0098117
0.000877934 0.00981144
0.000878504 0.00981119
0.000879073 0.00981093
0.000879642 0.00981067
0.000880212 0.00981042
0.000880782 0.00981016
0.000881352 0.00980991
0.000881922 0.00980965
0.000882492 0.00980939
0.000883063 0.00980914
0.000883634 0.00980888
0.000884204 0.00980862
0.000884775 0.00980837
0.000885347 0.00980811
0.000885918 0.00980785
0.000886489 0.00980759
0.000887061 0.00980734
0.000887633 0.00980708
0.000888205 0.00980682
0.000888777 0.00980656
0.000889349 0.00980631
0.000889921 0.00980605
0.000890494 0.00980579
0.000891067 0.00980553
0.000891639 0.00980528
0.000892212 0.00980502
0.000892785 0.00980476
0.000893359 0.0098045
0.000893932 0.00980424
0.000894505 0.00980398
0.000895079 0.00980373
0.000895653 0.00980347
0.000896227 0.00980321
0.000896801 0.00980295
0.000897375 0.00980269
0.000897949 0.00980243
0.000898524 0.00980217
0.000899098 0.00980191
0.000899673 0.00980165
0.000900248 0.00980139
0.000900823 0.00980113
0.000901398 0.00980087
0.000901973 0.00980062
0.000902548 0.00980036
0.000903124 0.0098001
0.000903699 0.00979984
0.000904275 0.00979958
0.000904851 0.00979932
0.000905427 0.00979906
0.000906003 0.0097988
0.000906579 0.00979853
0.000907155 0.00979827
0.000907732 0.00979801
0.000908308 0.00979775
0.000908885 0.00979749
0.000909462 0.00979723
0.000910039 0.00979697
0.000910616 0.00979671
0.000911193 0.00979645
0.00091177 0.00979619
0.000912348 0.00979593
0.000912925 0.00979566
0.000913503 0.0097954
0.00091408 0.00979514
0.000914658 0.00979488
0.000915236 0.00979462
0.000915814 0.00979436
0.000916392 0.0097941
0.00091697 0.00979383
0.000917549 0.00979357
0.000918127 0.00979331
0.000918706 0.00979305
0.000919285 0.00979278
0.000919863 0.00979252
0.000920442 0.00979226
0.000921021 0.009792
0.000921601 0.00979173
0.00092218 0.00979147
0.000922759 0.00979121
0.000923339 0.00979095
0.000923918 0.00979068
0.000924498 0.00979042
0.000925078 0.00979016
0.000925658 0.00978989
0.000926238 0.00978963
0.000926818 0.00978937
0.000927398 0.0097891
0.000927979 0.00978884
0.000928559 0.00978858
0.00092914 0.00978831
0.000929721 0.00978805
0.000930302 0.00978779
0.000930882 0.00978752
0.000931464 0.00978726
0.000932045 0.00978699
0.000932626 0.00978673
0.000933207 0.00978647
0.000933789 0.0097862
0.000934371 0.00978594
0.000934952 0.00978567
0.000935534 0.00978541
0.000936116 0.00978514
0.000936698 0.00978488
0.000937281 0.00978462
0.000937863 0.00978435
0.000938446 0.00978409
0.000939028 0.00978382
0.000939611 0.00978356
0.000940194 0.00978329
0.000940777 0.00978303
0.00094136 0.00978276
0.000941943 0.0097825
0.000942526 0.00978223
0.00094311 0.00978196
0.000943693 0.0097817
0.000944277 0.00978143
0.000944861 0.00978117
0.000945445 0.0097809
0.000946029 0.00978064
0.000946613 0.00978037
0.000947198 0.00978011
0.000947782 0.00977984
0.000948367 0.00977957
0.000948952 0.00977931
0.000949537 0.00977904
0.000950122 0.00977877
0.000950707 0.00977851
0.000951292 0.00977824
0.000951878 0.00977798
0.000952463 0.00977771
0.000953049 0.00977744
0.000953635 0.00977718
0.000954221 0.00977691
0.000954807 0.00977664
0.000955393 0.00977638
0.00095598 0.00977611
0.000956567 0.00977584
0.000957153 0.00977557
0.00095774 0.00977531
0.000958327 0.00977504
0.000958915 0.00977477
0.000959502 0.00977451
0.000960089 0.00977424
0.000960677 0.00977397
0.000961265 0.0097737
0.000961853 0.00977344
0.000962441 0.00977317
0.00096303 0.0097729
0.000963618 0.00977263
0.000964207 0.00977237
0.000964795 0.0097721
0.000965384 0.00977183
0.000965973 0.00977156
0.000966563 0.00977129
0.000967152 0.00977103
0.000967742 0.00977076
0.000968332 0.00977049
0.000968921 0.00977022
0.000969512 0.00976995
0.000970102 0.00976968
0.000970692 0.00976942
0.000971283 0.00976915
0.000971874 0.00976888
0.000972464 0.00976861
0.000973055 0.00976834
0.000973647 0.00976807
0.000974238 0.0097678
0.00097483 0.00976754
0.000975421 0.00976727
0.000976013 0.009767
0.000976605 0.00976673
0.000977198 0.00976646
0.00097779 0.00976619
0.000978383 0.00976592
0.000978975 0.00976565
0.000979568 0.00976538
0.000980161 0.00976511
0.000980755 0.00976485
0.000981348 0.00976458
0.000981942 0.00976431
0.000982535 0.00976404
0.000983129 0.00976377
0.000983723 0.0097635
0.000984317 0.00976323
0.000984912 0.00976296
0.000985506 0.00976269
0.000986101 0.00976242
0.000986696 0.00976215
0.000987291 0.00976188
0.000987886 0.00976161
0.000988482 0.00976134
0.000989077 0.00976107
0.000989673 0.0097608
0.000990269 0.00976053
0.000990865 0.00976026
0.000991461 0.00975999
0.000992058 0.00975972
0.000992654 0.00975945
0.000993251 0.00975918
0.000993848 0.00975891
0.000994445 0.00975864
0.000995042 0.00975837
0.00099564 0.0097581
0.000996237 0.00975783
0.000996835 0.00975756
0.000997433 0.00975729
0.000998031 0.00975701
0.000998629 0.00975674
0.000999228 0.00975647
0.000999826 0.0097562
0.00100042 0.00975593
0.00100102 0.00975566
0.00100162 0.00975539
0.00100222 0.00975512
0.00100282 0.00975485
0.00100342 0.00975458
0.00100402 0.00975431
0.00100462 0.00975403
0.00100522 0.00975376
0.00100582 0.00975349
0.00100642 0.00975322
0.00100702 0.00975295
0.00100762 0.00975268
0.00100822 0.00975241
0.00100882 0.00975213
0.00100942 0.00975186
0.00101002 0.00975159
0.00101063 0.00975132
0.00101123 0.00975105
0.00101183 0.00975078
0.00101243 0.00975051
0.00101303 0.00975023
0.00101363 0.00974996
0.00101424 0.00974969
0.00101484 0.00974942
0.00101544 0.00974915
0.00101604 0.00974887
0.00101665 0.0097486
0.00101725 0.00974833
0.00101785 0.00974806
0.00101846 0.00974779
0.00101906 0.00974751
0.00101966 0.00974724
0.00102027 0.00974697
0.00102087 0.0097467
0.00102147 0.00974643
0.00102208 0.00974615
0.00102268 0.00974588
0.00102328 0.00974561
0.00102389 0.00974534
0.00102449 0.00974506
0.0010251 0.00974479
0.0010257 0.00974452
0.00102631 0.00974425
0.00102691 0.00974397
0.00102752 0.0097437
0.00102812 0.00974343
0.00102873 0.00974316
0.00102933 0.00974288
0.00102994 0.00974261
0.00103054 0.00974234
0.00103115 0.00974206
0.00103175 0.00974179
0.00103236 0.00974152
0.00103296 0.00974125
0.00103357 0.00974097
0.00103418 0.0097407
0.00103478 0.00974043
0.00103539 0.00974015
0.001036 0.00973988
0.0010366 0.00973961
0.00103721 0.00973933
0.00103782 0.00973906
0.00103842 0.00973879
0.00103903 0.00973851
0.00103964 0.00973824
0.00104024 0.00973797
0.00104085 0.00973769
0.00104146 0.00973742
0.00104206 0.00973715
0.00104267 0.00973687
0.00104328 0.0097366
0.00104389 0.00973633
0.00104449 0.00973605
0.0010451 0.00973578
0.00104571 0.00973551
0.00104632 0.00973523
0.00104693 0.00973496
0.00104753 0.00973469
0.00104814 0.00973441
0.00104875 0.00973414
0.00104936 0.00973387
0.00104997 0.00973359
0.00105058 0.00973332
0.00105119 0.00973304
0.00105179 0.00973277
0.0010524 0.0097325
0.00105301 0.00973222
0.00105362 0.00973195
0.00105423 0.00973167
0.00105484 0.0097314
0.00105545 0.00973113
0.00105606 0.00973085
0.00105667 0.00973058
0.00105728 0.00973031
0.00105789 0.00973003
0.0010585 0.00972976
0.00105911 0.00972948
0.00105972 0.00972921
0.00106033 0.00972893
0.00106094 0.00972866
0.00106155 0.00972839
0.00106216 0.00972811
0.00106277 0.00972784
0.00106338 0.00972756
0.00106399 0.00972729
0.0010646 0.00972702
0.00106521 0.00972674
0.00106582 0.00972647
0.00106643 0.00972619
0.00106704 0.00972592
0.00106765 0.00972564
0.00106826 0.00972537
0.00106887 0.00972509
0.00106949 0.00972482
0.0010701 0.00972455
0.00107071 0.00972427
0.00107132 0.009724
0.00107193 0.00972372
0.00107254 0.00972345
0.00107316 0.00972317
0.00107377 0.0097229
0.00107438 0.00972262
0.00107499 0.00972235
0.0010756 0.00972207
0.00107622 0.0097218
0.00107683 0.00972153
0.00107744 0.00972125
0.00107806 0.00972098
0.00107867 0.0097207
0.00107928 0.00972043
0.00107989 0.00972015
0.00108051 0.00971988
0.00108112 0.0097196
0.00108173 0.00971933
0.00108235 0.00971905
0.00108296 0.00971878
0.00108357 0.0097185
0.00108419 0.00971823
0.0010848 0.00971795
0.00108542 0.00971768
0.00108603 0.0097174
0.00108664 0.00971713
0.00108726 0.00971685
0.00108787 0.00971658
0.00108849 0.00971631
0.0010891 0.00971603
0.00108972 0.00971576
0.00109033 0.00971548
0.00109095 0.00971521
0.00109156 0.00971493
0.00109218 0.00971466
0.00109279 0.00971438
0.00109341 0.00971411
0.00109402 0.00971383
0.00109464 0.00971356
0.00109526 0.00971328
0.00109587 0.00971301
0.00109649 0.00971273
0.0010971 0.00971246
0.00109772 0.00971218
0.00109834 0.00971191
0.00109895 0.00971163
0.00109957 0.00971136
0.00110019 0.00971108
0.00110081 0.00971081
0.00110142 0.00971053
0.00110204 0.00971026
0.00110266 0.00970998
0.00110328 0.00970971
0.00110389 0.00970943
0.00110451 0.00970915
0.00110513 0.00970888
0.00110575 0.0097086
0.00110637 0.00970833
0.00110698 0.00970805
0.0011076 0.00970778
0.00110822 0.0097075
0.00110884 0.00970723
0.00110946 0.00970695
0.00111008 0.00970668
0.0011107 0.0097064
0.00111132 0.00970613
0.00111194 0.00970585
0.00111256 0.00970558
0.00111318 0.0097053
0.0011138 0.00970503
0.00111442 0.00970475
0.00111504 0.00970448
0.00111566 0.0097042
0.00111628 0.00970393
0.0011169 0.00970365
0.00111752 0.00970337
0.00111814 0.0097031
0.00111876 0.00970282
0.00111938 0.00970255
0.00112001 0.00970227
0.00112063 0.009702
0.00112125 0.00970172
0.00112187 0.00970145
0.00112249 0.00970117
0.00112312 0.0097009
0.00112374 0.00970062
0.00112436 0.00970034
0.00112498 0.00970007
0.00112561 0.00969979
0.00112623 0.00969952
0.00112685 0.00969924
0.00112748 0.00969897
0.0011281 0.00969869
0.00112872 0.00969842
0.00112935 0.00969814
0.00112997 0.00969786
0.00113059 0.00969759
0.00113122 0.00969731
0.00113184 0.00969704
0.00113247 0.00969676
0.00113309 0.00969649
0.00113372 0.00969621
0.00113434 0.00969594
0.00113496 0.00969566
0.00113559 0.00969538
0.00113622 0.00969511
0.00113684 0.00969483
0.00113747 0.00969456
0.00113809 0.00969428
0.00113872 0.00969401
0.00113934 0.00969373
0.00113997 0.00969345
0.0011406 0.00969318
0.00114122 0.0096929
0.00114185 0.00969263
0.00114247 0.00969235
0.0011431 0.00969208
0.00114373 0.0096918
0.00114435 0.00969152
0.00114498 0.00969125
0.00114561 0.00969097
0.00114624 0.0096907
0.00114686 0.00969042
0.00114749 0.00969015
0.00114812 0.00968987
0.00114875 0.00968959
0.00114937 0.00968932
0.00115 0.00968904
0.00115063 0.00968877
0.00115126 0.00968849
0.00115189 0.00968821
0.00115252 0.00968794
0.00115314 0.00968766
0.00115377 0.00968739
0.0011544 0.00968711
0.00115503 0.00968683
0.00115566 0.00968656
0.00115629 0.00968628
0.00115692 0.00968601
0.00115755 0.00968573
0.00115818 0.00968545
0.00115881 0.00968518
0.00115943 0.0096849
0.00116006 0.00968463
0.00116069 0.00968435
0.00116132 0.00968407
0.00116195 0.0096838
0.00116258 0.00968352
0.00116321 0.00968325
0.00116384 0.00968297
0.00116447 0.00968269
0.00116511 0.00968242
0.00116574 0.00968214
0.00116637 0.00968187
0.001167 0.00968159
0.00116763 0.00968131
0.00116826 0.00968104
0.00116889 0.00968076
0.00116952 0.00968049
0.00117015 0.00968021
0.00117078 0.00967993
0.00117141 0.00967966
0.00117205 0.00967938
0.00117268 0.00967911
0.00117331 0.00967883
0.00117394 0.00967855
0.00117457 0.00967828
0.0011752 0.009678
0.00117584 0.00967773
0.00117647 0.00967745
0.0011771 0.00967717
0.00117773 0.0096769
0.00117836 0.00967662
0.001179 0.00967634
0.00117963 0.00967607
0.00118026 0.00967579
0.00118089 0.00967552
0.00118152 0.00967524
0.00118216 0.00967496
0.00118279 0.00967469
0.00118342 0.00967441
0.00118406 0.00967414
0.00118469 0.00967386
0.00118532 0.00967358
0.00118595 0.00967331
0.00118659 0.00967303
0.00118722 0.00967275
0.00118785 0.00967248
0.00118849 0.0096722
0.00118912 0.00967193
0.00118975 0.00967165
0.00119039 0.00967137
0.00119102 0.0096711
0.00119165 0.00967082
0.00119229 0.00967054
0.00119292 0.00967027
0.00119356 0.00966999
0.00119419 0.00966972
0.00119482 0.00966944
0.00119546 0.00966916
0.00119609 0.00966889
0.00119673 0.00966861
0.00119736 0.00966833
0.00119799 0.00966806
0.00119863 0.00966778
0.00119926 0.00966751
0.0011999 0.00966723
0.00120053 0.00966695
0.00120117 0.00966668
0.0012018 0.0096664
0.00120244 0.00966613
0.00120307 0.00966585
0.00120371 0.00966557
0.00120434 0.0096653
0.00120498 0.00966502
0.00120561 0.00966474
0.00120625 0.00966447
0.00120688 0.00966419
0.00120752 0.00966392
0.00120815 0.00966364
0.00120879 0.00966336
0.00120942 0.00966309
0.00121006 0.00966281
0.0012107 0.00966253
0.00121133 0.00966226
0.00121197 0.00966198
0.0012126 0.00966171
0.00121324 0.00966143
0.00121388 0.00966115
0.00121451 0.00966088
0.00121515 0.0096606
0.00121579 0.00966033
0.00121642 0.00966005
0.00121706 0.00965977
0.0012177 0.0096595
0.00121833 0.00965922
0.00121897 0.00965894
0.00121961 0.00965867
0.00122024 0.00965839
0.00122088 0.00965812
0.00122152 0.00965784
0.00122216 0.00965756
0.00122279 0.00965729
0.00122343 0.00965701
0.00122407 0.00965674
0.00122471 0.00965646
0.00122534 0.00965618
0.00122598 0.00965591
0.00122662 0.00965563
0.00122726 0.00965535
0.0012279 0.00965508
0.00122854 0.0096548
0.00122917 0.00965453
0.00122981 0.00965425
0.00123045 0.00965397
0.00123109 0.0096537
0.00123173 0.00965342
0.00123237 0.00965315
0.00123301 0.00965287
0.00123365 0.00965259
0.00123429 0.00965232
0.00123493 0.00965204
0.00123557 0.00965177
0.00123621 0.00965149
0.00123685 0.00965121
0.00123749 0.00965094
0.00123813 0.00965066
0.00123877 0.00965039
0.00123941 0.00965011
0.00124005 0.00964983
0.00124069 0.00964956
0.00124133 0.00964928
0.00124197 0.00964901
0.00124261 0.00964873
0.00124326 0.00964845
0.0012439 0.00964818
0.00124454 0.0096479
0.00124518 0.00964763
0.00124582 0.00964735
0.00124646 0.00964707
0.00124711 0.0096468
0.00124775 0.00964652
0.00124839 0.00964624
0.00124903 0.00964597
0.00124968 0.00964569
0.00125032 0.00964542
0.00125096 0.00964514
0.0012516 0.00964486
0.00125225 0.00964459
0.00125289 0.00964431
0.00125353 0.00964404
0.00125418 0.00964376
0.00125482 0.00964348
0.00125547 0.00964321
0.00125611 0.00964293
0.00125675 0.00964266
0.0012574 0.00964238
0.00125804 0.0096421
0.00125869 0.00964183
0.00125933 0.00964155
0.00125998 0.00964128
0.00126062 0.009641
0.00126127 0.00964072
0.00126191 0.00964045
0.00126256 0.00964017
0.0012632 0.0096399
0.00126385 0.00963962
0.00126449 0.00963934
0.00126514 0.00963907
0.00126578 0.00963879
0.00126643 0.00963851
0.00126708 0.00963824
0.00126772 0.00963796
0.00126837 0.00963769
0.00126902 0.00963741
0.00126966 0.00963713
0.00127031 0.00963686
0.00127096 0.00963658
0.0012716 0.00963631
0.00127225 0.00963603
0.0012729 0.00963575
0.00127355 0.00963548
0.00127419 0.0096352
0.00127484 0.00963492
0.00127549 0.00963465
0.00127614 0.00963437
0.00127678 0.0096341
0.00127743 0.00963382
0.00127808 0.00963354
0.00127873 0.00963327
0.00127938 0.00963299
0.00128003 0.00963272
0.00128067 0.00963244
0.00128132 0.00963216
0.00128197 0.00963189
0.00128262 0.00963161
0.00128327 0.00963133
0.00128392 0.00963106
0.00128457 0.00963078
0.00128522 0.00963051
0.00128587 0.00963023
0.00128652 0.00962995
0.00128717 0.00962968
0.00128782 0.0096294
0.00128847 0.00962912
0.00128912 0.00962885
0.00128977 0.00962857
0.00129042 0.0096283
0.00129107 0.00962802
0.00129172 0.00962774
0.00129237 0.00962747
0.00129302 0.00962719
0.00129367 0.00962691
0.00129432 0.00962664
0.00129497 0.00962636
0.00129562 0.00962608
0.00129627 0.00962581
0.00129693 0.00962553
0.00129758 0.00962526
0.00129823 0.00962498
0.00129888 0.0096247
0.00129953 0.00962443
0.00130018 0.00962415
0.00130083 0.00962387
0.00130149 0.0096236
0.00130214 0.00962332
0.00130279 0.00962304
0.00130344 0.00962277
0.00130409 0.00962249
0.00130474 0.00962222
0.0013054 0.00962194
0.00130605 0.00962166
0.0013067 0.00962139
0.00130735 0.00962111
0.00130801 0.00962083
0.00130866 0.00962056
0.00130931 0.00962028
0.00130996 0.00962
0.00131062 0.00961973
0.00131127 0.00961945
0.00131192 0.00961917
0.00131257 0.0096189
0.00131323 0.00961862
0.00131388 0.00961835
0.00131453 0.00961807
0.00131519 0.00961779
0.00131584 0.00961752
0.00131649 0.00961724
0.00131715 0.00961696
0.0013178 0.00961669
0.00131845 0.00961641
0.00131911 0.00961613
0.00131976 0.00961586
0.00132041 0.00961558
0.00132107 0.0096153
0.00132172 0.00961503
0.00132237 0.00961475
0.00132303 0.00961447
0.00132368 0.0096142
0.00132433 0.00961392
0.00132499 0.00961364
0.00132564 0.00961337
0.0013263 0.00961309
0.00132695 0.00961281
0.0013276 0.00961254
0.00132826 0.00961226
0.00132891 0.00961198
0.00132957 0.00961171
0.00133022 0.00961143
0.00133088 0.00961115
0.00133153 0.00961088
0.00133218 0.0096106
0.00133284 0.00961032
0.00133349 0.00961005
0.00133415 0.00960977
0.0013348 0.00960949
0.00133546 0.00960922
0.00133611 0.00960894
0.00133677 0.00960866
0.00133742 0.00960839
0.00133808 0.00960811
0.00133873 0.00960783
0.00133939 0.00960756
0.00134004 0.00960728
0.0013407 0.009607
0.00134135 0.00960673
0.00134201 0.00960645
0.00134266 0.00960617
0.00134332 0.0096059
0.00134398 0.00960562
0.00134463 0.00960534
0.00134529 0.00960507
0.00134594 0.00960479
0.0013466 0.00960451
0.00134725 0.00960424
0.00134791 0.00960396
0.00134857 0.00960368
0.00134922 0.00960341
0.00134988 0.00960313
0.00135053 0.00960285
0.00135119 0.00960258
0.00135185 0.0096023
0.0013525 0.00960202
0.00135316 0.00960175
0.00135382 0.00960147
0.00135447 0.00960119
0.00135513 0.00960092
0.00135579 0.00960064
0.00135645 0.00960036
0.0013571 0.00960009
0.00135776 0.00959981
0.00135842 0.00959953
0.00135907 0.00959925
0.00135973 0.00959898
0.00136039 0.0095987
0.00136105 0.00959842
0.00136171 0.00959815
0.00136236 0.00959787
0.00136302 0.00959759
0.00136368 0.00959732
0.00136434 0.00959704
0.001365 0.00959676
0.00136565 0.00959649
0.00136631 0.00959621
0.00136697 0.00959593
0.00136763 0.00959565
0.00136829 0.00959538
0.00136895 0.0095951
0.00136961 0.00959482
0.00137027 0.00959455
0.00137093 0.00959427
0.00137159 0.00959399
0.00137225 0.00959372
0.0013729 0.00959344
0.00137356 0.00959316
0.00137422 0.00959288
0.00137488 0.00959261
0.00137554 0.00959233
0.0013762 0.00959205
0.00137687 0.00959178
0.00137753 0.0095915
0.00137819 0.00959122
0.00137885 0.00959095
0.00137951 0.00959067
0.00138017 0.00959039
0.00138083 0.00959011
0.00138149 0.00958984
0.00138215 0.00958956
0.00138281 0.00958928
0.00138348 0.00958901
0.00138414 0.00958873
0.0013848 0.00958845
0.00138546 0.00958817
0.00138612 0.0095879
0.00138679 0.00958762
0.00138745 0.00958734
0.00138811 0.00958706
0.00138877 0.00958679
0.00138944 0.00958651
0.0013901 0.00958623
0.00139076 0.00958596
0.00139143 0.00958568
0.00139209 0.0095854
0.00139275 0.00958512
0.00139342 0.00958485
0.00139408 0.00958457
0.00139474 0.00958429
0.00139541 0.00958401
0.00139607 0.00958374
0.00139674 0.00958346
0.0013974 0.00958318
0.00139806 0.0095829
0.00139873 0.00958263
0.00139939 0.00958235
0.00140006 0.00958207
0.00140072 0.00958179
0.00140139 0.00958152
0.00140205 0.00958124
0.00140272 0.00958096
0.00140338 0.00958068
0.00140405 0.00958041
0.00140472 0.00958013
0.00140538 0.00957985
0.00140605 0.00957957
0.00140671 0.00957929
0.00140738 0.00957902
0.00140805 0.00957874
0.00140871 0.00957846
0.00140938 0.00957818
0.00141005 0.00957791
0.00141071 0.00957763
0.00141138 0.00957735
0.00141205 0.00957707
0.00141271 0.00957679
0.00141338 0.00957652
0.00141405 0.00957624
0.00141471 0.00957596
0.00141538 0.00957568
0.00141605 0.00957541
0.00141672 0.00957513
0.00141739 0.00957485
0.00141805 0.00957457
0.00141872 0.00957429
0.00141939 0.00957402
0.00142006 0.00957374
0.00142073 0.00957346
0.00142139 0.00957318
0.00142206 0.0095729
0.00142273 0.00957262
0.0014234 0.00957235
0.00142407 0.00957207
0.00142474 0.00957179
0.00142541 0.00957151
0.00142608 0.00957123
0.00142675 0.00957096
0.00142741 0.00957068
0.00142808 0.0095704
0.00142875 0.00957012
0.00142942 0.00956984
0.00143009 0.00956956
0.00143076 0.00956929
0.00143143 0.00956901
0.0014321 0.00956873
0.00143277 0.00956845
0.00143344 0.00956817
0.00143411 0.00956789
0.00143478 0.00956761
0.00143545 0.00956734
0.00143612 0.00956706
0.00143679 0.00956678
0.00143746 0.0095665
0.00143813 0.00956622
0.0014388 0.00956594
0.00143947 0.00956566
0.00144014 0.00956539
0.00144081 0.00956511
0.00144148 0.00956483
0.00144215 0.00956455
0.00144282 0.00956427
0.0014435 0.00956399
0.00144417 0.00956371
0.00144484 0.00956343
0.00144551 0.00956316
0.00144618 0.00956288
0.00144685 0.0095626
0.00144752 0.00956232
0.00144819 0.00956204
0.00144886 0.00956176
0.00144953 0.00956148
0.00145021 0.0095612
0.00145088 0.00956092
0.00145155 0.00956064
0.00145222 0.00956037
0.00145289 0.00956009
0.00145356 0.00955981
0.00145423 0.00955953
0.00145491 0.00955925
0.00145558 0.00955897
0.00145625 0.00955869
0.00145692 0.00955841
0.00145759 0.00955813
0.00145826 0.00955785
0.00145894 0.00955757
0.00145961 0.00955729
0.00146028 0.00955701
0.00146095 0.00955674
0.00146162 0.00955646
0.0014623 0.00955618
0.00146297 0.0095559
0.00146364 0.00955562
0.00146431 0.00955534
0.00146498 0.00955506
0.00146566 0.00955478
0.00146633 0.0095545
0.001467 0.00955422
0.00146767 0.00955394
0.00146835 0.00955366
0.00146902 0.00955338
0.00146969 0.0095531
0.00147036 0.00955282
0.00147104 0.00955254
0.00147171 0.00955226
0.00147238 0.00955198
0.00147305 0.0095517
0.00147373 0.00955142
0.0014744 0.00955114
0.00147507 0.00955086
0.00147574 0.00955058
0.00147642 0.0095503
0.00147709 0.00955002
0.00147776 0.00954974
0.00147844 0.00954946
0.00147911 0.00954918
0.00147978 0.0095489
0.00148046 0.00954862
0.00148113 0.00954834
0.0014818 0.00954806
0.00148248 0.00954778
0.00148315 0.0095475
0.00148382 0.00954722
0.0014845 0.00954694
0.00148517 0.00954666
0.00148585 0.00954638
0.00148652 0.0095461
0.00148719 0.00954582
0.00148787 0.00954554
0.00148854 0.00954526
0.00148922 0.00954498
0.00148989 0.00954469
0.00149056 0.00954441
0.00149124 0.00954413
0.00149191 0.00954385
0.00149259 0.00954357
0.00149326 0.00954329
0.00149394 0.00954301
0.00149461 0.00954273
0.00149529 0.00954245
0.00149596 0.00954217
0.00149664 0.00954189
0.00149731 0.00954161
0.00149799 0.00954132
0.00149866 0.00954104
0.00149934 0.00954076
0.00150001 0.00954048
0.00150069 0.0095402
0.00150137 0.00953992
0.00150204 0.00953964
0.00150272 0.00953936
0.00150339 0.00953908
0.00150407 0.00953879
0.00150475 0.00953851
0.00150542 0.00953823
0.0015061 0.00953795
0.00150678 0.00953767
0.00150745 0.00953739
0.00150813 0.00953711
0.00150881 0.00953682
0.00150948 0.00953654
0.00151016 0.00953626
0.00151084 0.00953598
0.00151152 0.0095357
0.00151219 0.00953542
0.00151287 0.00953513
0.00151355 0.00953485
0.00151423 0.00953457
0.00151491 0.00953429
0.00151558 0.00953401
0.00151626 0.00953372
0.00151694 0.00953344
0.00151762 0.00953316
0.0015183 0.00953288
0.00151898 0.0095326
0.00151965 0.00953231
0.00152033 0.00953203
0.00152101 0.00953175
0.00152169 0.00953147
0.00152237 0.00953118
0.00152305 0.0095309
0.00152373 0.00953062
0.00152441 0.00953034
0.00152509 0.00953006
0.00152577 0.00952977
0.00152645 0.00952949
0.00152713 0.00952921
0.00152781 0.00952893
0.00152849 0.00952864
0.00152917 0.00952836
0.00152985 0.00952808
0.00153053 0.00952779
0.00153121 0.00952751
0.00153189 0.00952723
0.00153258 0.00952695
0.00153326 0.00952666
0.00153394 0.00952638
0.00153462 0.0095261
0.0015353 0.00952581
0.00153598 0.00952553
0.00153666 0.00952525
0.00153735 0.00952496
0.00153803 0.00952468
0.00153871 0.0095244
0.00153939 0.00952412
0.00154007 0.00952383
0.00154076 0.00952355
0.00154144 0.00952327
0.00154212 0.00952298
0.0015428 0.0095227
0.00154349 0.00952241
0.00154417 0.00952213
0.00154485 0.00952185
0.00154554 0.00952156
0.00154622 0.00952128
0.0015469 0.009521
0.00154759 0.00952071
0.00154827 0.00952043
0.00154895 0.00952015
0.00154964 0.00951986
0.00155032 0.00951958
0.00155101 0.00951929
0.00155169 0.00951901
0.00155237 0.00951873
0.00155306 0.00951844
0.00155374 0.00951816
0.00155443 0.00951787
0.00155511 0.00951759
0.0015558 0.0095173
0.00155648 0.00951702
0.00155716 0.00951674
0.00155785 0.00951645
0.00155853 0.00951617
0.00155922 0.00951588
0.0015599 0.0095156
0.00156059 0.00951531
0.00156127 0.00951503
0.00156196 0.00951475
0.00156265 0.00951446
0.00156333 0.00951418
0.00156402 0.00951389
0.0015647 0.00951361
0.00156539 0.00951332
0.00156607 0.00951304
0.00156676 0.00951275
0.00156744 0.00951247
0.00156813 0.00951218
0.00156882 0.0095119
0.0015695 0.00951161
0.00157019 0.00951133
0.00157087 0.00951104
0.00157156 0.00951076
0.00157225 0.00951047
0.00157293 0.00951019
0.00157362 0.0095099
0.0015743 0.00950961
0.00157499 0.00950933
0.00157568 0.00950904
0.00157636 0.00950876
0.00157705 0.00950847
0.00157774 0.00950819
0.00157842 0.0095079
0.00157911 0.00950762
0.0015798 0.00950733
0.00158048 0.00950704
0.00158117 0.00950676
0.00158186 0.00950647
0.00158254 0.00950619
0.00158323 0.0095059
0.00158392 0.00950561
0.0015846 0.00950533
0.00158529 0.00950504
0.00158598 0.00950476
0.00158666 0.00950447
0.00158735 0.00950418
0.00158804 0.0095039
0.00158873 0.00950361
0.00158941 0.00950333
0.0015901 0.00950304
0.00159079 0.00950275
0.00159147 0.00950247
0.00159216 0.00950218
0.00159285 0.00950189
0.00159354 0.00950161
0.00159422 0.00950132
0.00159491 0.00950103
0.0015956 0.00950075
0.00159629 0.00950046
0.00159697 0.00950017
0.00159766 0.00949989
0.00159835 0.0094996
0.00159904 0.00949931
0.00159972 0.00949902
0.00160041 0.00949874
0.0016011 0.00949845
0.00160179 0.00949816
0.00160248 0.00949788
0.00160316 0.00949759
0.00160385 0.0094973
0.00160454 0.00949701
0.00160523 0.00949673
0.00160592 0.00949644
0.0016066 0.00949615
0.00160729 0.00949586
0.00160798 0.00949558
0.00160867 0.00949529
0.00160936 0.009495
0.00161005 0.00949471
0.00161073 0.00949442
0.00161142 0.00949414
0.00161211 0.00949385
0.0016128 0.00949356
0.00161349 0.00949327
0.00161418 0.00949298
0.00161486 0.0094927
0.00161555 0.00949241
0.00161624 0.00949212
0.00161693 0.00949183
0.00161762 0.00949154
0.00161831 0.00949125
0.001619 0.00949097
0.00161969 0.00949068
0.00162038 0.00949039
0.00162106 0.0094901
0.00162175 0.00948981
0.00162244 0.00948952
0.00162313 0.00948923
0.00162382 0.00948895
0.00162451 0.00948866
0.0016252 0.00948837
0.00162589 0.00948808
0.00162658 0.00948779
0.00162727 0.0094875
0.00162796 0.00948721
0.00162865 0.00948692
0.00162934 0.00948663
0.00163003 0.00948634
0.00163072 0.00948605
0.00163141 0.00948576
0.0016321 0.00948547
0.00163279 0.00948519
0.00163348 0.0094849
0.00163417 0.00948461
0.00163486 0.00948432
0.00163555 0.00948403
0.00163624 0.00948374
0.00163693 0.00948345
0.00163762 0.00948316
0.00163831 0.00948287
0.001639 0.00948258
0.0016397 0.00948229
0.00164039 0.009482
0.00164108 0.00948171
0.00164177 0.00948142
0.00164246 0.00948113
0.00164315 0.00948084
0.00164384 0.00948055
0.00164453 0.00948026
0.00164523 0.00947996
0.00164592 0.00947967
0.00164661 0.00947938
0.0016473 0.00947909
0.00164799 0.0094788
0.00164869 0.00947851
0.00164938 0.00947822
0.00165007 0.00947793
0.00165076 0.00947764
0.00165146 0.00947735
0.00165215 0.00947706
0.00165284 0.00947677
0.00165353 0.00947648
0.00165423 0.00947618
0.00165492 0.00947589
0.00165561 0.0094756
0.00165631 0.00947531
0.001657 0.00947502
0.00165769 0.00947473
0.00165839 0.00947444
0.00165908 0.00947414
0.00165977 0.00947385
0.00166047 0.00947356
0.00166116 0.00947327
0.00166185 0.00947298
0.00166255 0.00947269
0.00166324 0.00947239
0.00166394 0.0094721
0.00166463 0.00947181
0.00166533 0.00947152
0.00166602 0.00947123
0.00166671 0.00947093
0.00166741 0.00947064
0.0016681 0.00947035
0.0016688 0.00947006
0.00166949 0.00946977
0.00167019 0.00946947
0.00167088 0.00946918
0.00167158 0.00946889
0.00167227 0.0094686
0.00167297 0.0094683
0.00167366 0.00946801
0.00167436 0.00946772
0.00167506 0.00946743
0.00167575 0.00946713
0.00167645 0.00946684
0.00167714 0.00946655
0.00167784 0.00946625
0.00167854 0.00946596
0.00167923 0.00946567
0.00167993 0.00946538
0.00168062 0.00946508
0.00168132 0.00946479
0.00168202 0.0094645
0.00168271 0.0094642
0.00168341 0.00946391
0.00168411 0.00946362
0.0016848 0.00946332
0.0016855 0.00946303
0.0016862 0.00946274
0.00168689 0.00946244
0.00168759 0.00946215
0.00168829 0.00946186
0.00168898 0.00946156
0.00168968 0.00946127
0.00169038 0.00946097
0.00169108 0.00946068
0.00169177 0.00946039
0.00169247 0.00946009
0.00169317 0.0094598
0.00169387 0.0094595
0.00169456 0.00945921
0.00169526 0.00945892
0.00169596 0.00945862
0.00169666 0.00945833
0.00169736 0.00945803
0.00169805 0.00945774
0.00169875 0.00945744
0.00169945 0.00945715
0.00170015 0.00945686
0.00170085 0.00945656
0.00170154 0.00945627
0.00170224 0.00945597
0.00170294 0.00945568
0.00170364 0.00945538
0.00170434 0.00945509
0.00170504 0.00945479
0.00170573 0.0094545
0.00170643 0.0094542
0.00170713 0.00945391
0.00170783 0.00945361
0.00170853 0.00945332
0.00170923 0.00945302
0.00170993 0.00945273
0.00171063 0.00945243
0.00171132 0.00945214
0.00171202 0.00945184
0.00171272 0.00945155
0.00171342 0.00945125
0.00171412 0.00945096
0.00171482 0.00945066
0.00171552 0.00945036
0.00171622 0.00945007
0.00171692 0.00944977
0.00171762 0.00944948
0.00171831 0.00944918
0.00171901 0.00944889
0.00171971 0.00944859
0.00172041 0.00944829
0.00172111 0.009448
0.00172181 0.0094477
0.00172251 0.00944741
0.00172321 0.00944711
0.00172391 0.00944681
0.00172461 0.00944652
0.00172531 0.00944622
0.00172601 0.00944592
0.00172671 0.00944563
0.00172741 0.00944533
0.00172811 0.00944503
0.00172881 0.00944474
0.00172951 0.00944444
0.00173021 0.00944414
0.00173091 0.00944385
0.00173161 0.00944355
0.00173231 0.00944325
0.00173301 0.00944296
0.00173371 0.00944266
0.00173441 0.00944236
0.00173511 0.00944207
0.00173581 0.00944177
0.00173651 0.00944147
0.00173721 0.00944117
0.00173791 0.00944088
0.00173861 0.00944058
0.00173931 0.00944028
0.00174001 0.00943999
0.00174071 0.00943969
0.00174141 0.00943939
0.00174211 0.00943909
0.00174281 0.00943879
0.00174351 0.0094385
0.00174421 0.0094382
0.00174491 0.0094379
0.00174561 0.0094376
0.00174631 0.00943731
0.00174701 0.00943701
0.00174771 0.00943671
0.00174841 0.00943641
0.00174911 0.00943611
0.00174981 0.00943582
0.00175052 0.00943552
0.00175122 0.00943522
0.00175192 0.00943492
0.00175262 0.00943462
0.00175332 0.00943432
0.00175402 0.00943403
0.00175472 0.00943373
0.00175542 0.00943343
0.00175612 0.00943313
0.00175682 0.00943283
0.00175753 0.00943253
0.00175823 0.00943223
0.00175893 0.00943193
0.00175963 0.00943163
0.00176033 0.00943134
0.00176103 0.00943104
0.00176173 0.00943074
0.00176244 0.00943044
0.00176314 0.00943014
0.00176384 0.00942984
0.00176454 0.00942954
0.00176524 0.00942924
0.00176594 0.00942894
0.00176665 0.00942864
0.00176735 0.00942834
0.00176805 0.00942804
0.00176875 0.00942774
0.00176946 0.00942744
0.00177016 0.00942714
0.00177086 0.00942684
0.00177156 0.00942654
0.00177226 0.00942624
0.00177297 0.00942594
0.00177367 0.00942564
0.00177437 0.00942534
0.00177508 0.00942504
0.00177578 0.00942474
0.00177648 0.00942444
0.00177718 0.00942414
0.00177789 0.00942384
0.00177859 0.00942354
0.00177929 0.00942324
0.00178 0.00942294
0.0017807 0.00942264
0.0017814 0.00942234
0.00178211 0.00942204
0.00178281 0.00942174
0.00178351 0.00942144
0.00178422 0.00942114
0.00178492 0.00942084
0.00178563 0.00942053
0.00178633 0.00942023
0.00178703 0.00941993
0.00178774 0.00941963
0.00178844 0.00941933
0.00178915 0.00941903
0.00178985 0.00941873
0.00179055 0.00941843
0.00179126 0.00941813
0.00179196 0.00941782
0.00179267 0.00941752
0.00179337 0.00941722
0.00179408 0.00941692
0.00179478 0.00941662
0.00179549 0.00941632
0.00179619 0.00941601
0.0017969 0.00941571
0.0017976 0.00941541
0.00179831 0.00941511
0.00179901 0.00941481
0.00179972 0.00941451
0.00180042 0.0094142
0.00180113 0.0094139
0.00180183 0.0094136
0.00180254 0.0094133
0.00180324 0.009413
0.00180395 0.00941269
0.00180466 0.00941239
0.00180536 0.00941209
0.00180607 0.00941179
0.00180677 0.00941148
0.00180748 0.00941118
0.00180819 0.00941088
0.00180889 0.00941058
0.0018096 0.00941027
0.00181031 0.00940997
0.00181101 0.00940967
0.00181172 0.00940937
0.00181242 0.00940906
0.00181313 0.00940876
0.00181384 0.00940846
0.00181454 0.00940815
0.00181525 0.00940785
0.00181596 0.00940755
0.00181667 0.00940724
0.00181737 0.00940694
0.00181808 0.00940664
0.00181879 0.00940634
0.00181949 0.00940603
0.0018202 0.00940573
0.00182091 0.00940543
0.00182162 0.00940512
0.00182232 0.00940482
0.00182303 0.00940452
0.00182374 0.00940421
0.00182445 0.00940391
0.00182515 0.0094036
0.00182586 0.0094033
0.00182657 0.009403
0.00182728 0.00940269
0.00182799 0.00940239
0.00182869 0.00940209
0.0018294 0.00940178
0.00183011 0.00940148
0.00183082 0.00940117
0.00183153 0.00940087
0.00183223 0.00940057
0.00183294 0.00940026
0.00183365 0.00939996
0.00183436 0.00939965
0.00183507 0.00939935
0.00183578 0.00939904
0.00183648 0.00939874
0.00183719 0.00939844
0.0018379 0.00939813
0.00183861 0.00939783
0.00183932 0.00939752
0.00184003 0.00939722
0.00184074 0.00939691
0.00184145 0.00939661
0.00184215 0.0093963
0.00184286 0.009396
0.00184357 0.00939569
0.00184428 0.00939539
0.00184499 0.00939508
0.0018457 0.00939478
0.00184641 0.00939447
0.00184712 0.00939417
0.00184783 0.00939386
0.00184854 0.00939356
0.00184924 0.00939325
0.00184995 0.00939295
0.00185066 0.00939264
0.00185137 0.00939234
0.00185208 0.00939203
0.00185279 0.00939173
0.0018535 0.00939142
0.00185421 0.00939112
0.00185492 0.00939081
0.00185563 0.00939051
0.00185634 0.0093902
0.00185705 0.00938989
0.00185776 0.00938959
0.00185847 0.00938928
0.00185918 0.00938898
0.00185989 0.00938867
0.0018606 0.00938837
0.00186131 0.00938806
0.00186201 0.00938775
0.00186272 0.00938745
0.00186343 0.00938714
0.00186414 0.00938684
0.00186485 0.00938653
0.00186556 0.00938622
0.00186627 0.00938592
0.00186698 0.00938561
0.00186769 0.0093853
0.0018684 0.009385
0.00186911 0.00938469
0.00186982 0.00938439
0.00187053 0.00938408
0.00187124 0.00938377
0.00187195 0.00938347
0.00187266 0.00938316
0.00187337 0.00938285
0.00187408 0.00938255
0.00187479 0.00938224
0.00187551 0.00938193
0.00187622 0.00938163
0.00187693 0.00938132
0.00187764 0.00938101
0.00187835 0.00938071
0.00187906 0.0093804
0.00187977 0.00938009
0.00188048 0.00937978
0.00188119 0.00937948
0.0018819 0.00937917
0.00188261 0.00937886
0.00188332 0.00937856
0.00188403 0.00937825
0.00188474 0.00937794
0.00188545 0.00937763
0.00188616 0.00937733
0.00188687 0.00937702
0.00188758 0.00937671
0.0018883 0.0093764
0.00188901 0.0093761
0.00188972 0.00937579
0.00189043 0.00937548
0.00189114 0.00937517
0.00189185 0.00937487
0.00189256 0.00937456
0.00189327 0.00937425
0.00189398 0.00937394
0.0018947 0.00937363
0.00189541 0.00937333
0.00189612 0.00937302
0.00189683 0.00937271
0.00189754 0.0093724
0.00189825 0.00937209
0.00189896 0.00937179
0.00189968 0.00937148
0.00190039 0.00937117
0.0019011 0.00937086
0.00190181 0.00937055
0.00190252 0.00937024
0.00190323 0.00936994
0.00190395 0.00936963
0.00190466 0.00936932
0.00190537 0.00936901
0.00190608 0.0093687
0.00190679 0.00936839
0.00190751 0.00936808
0.00190822 0.00936778
0.00190893 0.00936747
0.00190964 0.00936716
0.00191036 0.00936685
0.00191107 0.00936654
0.00191178 0.00936623
0.00191249 0.00936592
0.00191321 0.00936561
0.00191392 0.0093653
0.00191463 0.009365
0.00191534 0.00936469
0.00191606 0.00936438
0.00191677 0.00936407
0.00191748 0.00936376
0.0019182 0.00936345
0.00191891 0.00936314
0.00191962 0.00936283
0.00192034 0.00936252
0.00192105 0.00936221
0.00192176 0.0093619
0.00192248 0.00936159
0.00192319 0.00936128
0.0019239 0.00936097
0.00192462 0.00936067
0.00192533 0.00936036
0.00192604 0.00936005
0.00192676 0.00935974
0.00192747 0.00935943
0.00192819 0.00935912
0.0019289 0.00935881
0.00192961 0.0093585
0.00193033 0.00935819
0.00193104 0.00935788
0.00193176 0.00935757
0.00193247 0.00935726
0.00193318 0.00935695
0.0019339 0.00935664
0.00193461 0.00935633
0.00193533 0.00935602
0.00193604 0.00935571
0.00193676 0.0093554
0.00193747 0.00935509
0.00193819 0.00935478
0.0019389 0.00935447
0.00193962 0.00935416
0.00194033 0.00935385
0.00194105 0.00935354
0.00194176 0.00935322
0.00194248 0.00935291
0.00194319 0.0093526
0.00194391 0.00935229
0.00194462 0.00935198
0.00194534 0.00935167
0.00194605 0.00935136
0.00194677 0.00935105
0.00194748 0.00935074
0.0019482 0.00935043
0.00194892 0.00935012
0.00194963 0.00934981
0.00195035 0.0093495
0.00195106 0.00934919
0.00195178 0.00934888
0.0019525 0.00934857
0.00195321 0.00934825
0.00195393 0.00934794
0.00195464 0.00934763
0.00195536 0.00934732
0.00195608 0.00934701
0.00195679 0.0093467
0.00195751 0.00934639
0.00195823 0.00934608
0.00195894 0.00934577
0.00195966 0.00934545
0.00196037 0.00934514
0.00196109 0.00934483
0.00196181 0.00934452
0.00196252 0.00934421
0.00196324 0.0093439
0.00196396 0.00934359
0.00196467 0.00934328
0.00196539 0.00934296
0.00196611 0.00934265
0.00196683 0.00934234
0.00196754 0.00934203
0.00196826 0.00934172
0.00196898 0.00934141
0.00196969 0.0093411
0.00197041 0.00934078
0.00197113 0.00934047
0.00197185 0.00934016
0.00197256 0.00933985
0.00197328 0.00933954
0.001974 0.00933923
0.00197471 0.00933891
0.00197543 0.0093386
0.00197615 0.00933829
0.00197687 0.00933798
0.00197758 0.00933767
0.0019783 0.00933735
0.00197902 0.00933704
0.00197974 0.00933673
0.00198046 0.00933642
0.00198117 0.00933611
0.00198189 0.00933579
0.00198261 0.00933548
0.00198333 0.00933517
0.00198404 0.00933486
0.00198476 0.00933455
0.00198548 0.00933423
0.0019862 0.00933392
0.00198692 0.00933361
0.00198763 0.0093333
0.00198835 0.00933299
0.00198907 0.00933267
0.00198979 0.00933236
0.00199051 0.00933205
0.00199122 0.00933174
0.00199194 0.00933142
0.00199266 0.00933111
0.00199338 0.0093308
0.0019941 0.00933049
0.00199481 0.00933017
0.00199553 0.00932986
0.00199625 0.00932955
0.00199697 0.00932924
0.00199769 0.00932892
0.00199841 0.00932861
0.00199912 0.0093283
0.00199984 0.00932799
0.00200056 0.00932767
0.00200128 0.00932736
0.002002 0.00932705
0.00200272 0.00932674
0.00200343 0.00932642
0.00200415 0.00932611
0.00200487 0.0093258
0.00200559 0.00932548
0.00200631 0.00932517
0.00200703 0.00932486
0.00200775 0.00932455
0.00200846 0.00932423
0.00200918 0.00932392
0.0020099 0.00932361
0.00201062 0.00932329
0.00201134 0.00932298
0.00201206 0.00932267
0.00201278 0.00932236
0.0020135 0.00932204
0.00201422 0.00932173
0.00201493 0.00932142
0.00201565 0.0093211
0.00201637 0.00932079
0.00201709 0.00932048
0.00201781 0.00932016
0.00201853 0.00931985
0.00201925 0.00931954
0.00201997 0.00931922
0.00202069 0.00931891
0.00202141 0.0093186
0.00202213 0.00931828
0.00202284 0.00931797
0.00202356 0.00931766
0.00202428 0.00931734
0.002025 0.00931703
0.00202572 0.00931672
0.00202644 0.0093164
0.00202716 0.00931609
0.00202788 0.00931578
0.0020286 0.00931546
0.00202932 0.00931515
0.00203004 0.00931484
0.00203076 0.00931452
0.00203148 0.00931421
0.0020322 0.0093139
0.00203292 0.00931358
0.00203364 0.00931327
0.00203436 0.00931296
0.00203508 0.00931264
0.0020358 0.00931233
0.00203652 0.00931202
0.00203724 0.0093117
0.00203796 0.00931139
0.00203868 0.00931107
0.0020394 0.00931076
0.00204012 0.00931045
0.00204084 0.00931013
0.00204156 0.00930982
0.00204228 0.00930951
0.002043 0.00930919
0.00204372 0.00930888
0.00204444 0.00930856
0.00204516 0.00930825
0.00204588 0.00930794
0.0020466 0.00930762
0.00204732 0.00930731
0.00204804 0.009307
0.00204877 0.00930668
0.00204949 0.00930637
0.00205021 0.00930605
0.00205093 0.00930574
0.00205165 0.00930543
0.00205237 0.00930511
0.00205309 0.0093048
0.00205381 0.00930448
0.00205453 0.00930417
0.00205526 0.00930386
0.00205598 0.00930354
0.0020567 0.00930323
0.00205742 0.00930291
0.00205814 0.0093026
0.00205886 0.00930229
0.00205958 0.00930197
0.00206031 0.00930166
0.00206103 0.00930134
0.00206175 0.00930103
0.00206247 0.00930072
0.00206319 0.0093004
0.00206392 0.00930009
0.00206464 0.00929977
0.00206536 0.00929946
0.00206608 0.00929915
0.0020668 0.00929883
0.00206753 0.00929852
0.00206825 0.0092982
0.00206897 0.00929789
0.00206969 0.00929757
0.00207042 0.00929726
0.00207114 0.00929695
0.00207186 0.00929663
0.00207258 0.00929632
0.00207331 0.009296
0.00207403 0.00929569
0.00207475 0.00929538
0.00207547 0.00929506
0.0020762 0.00929475
0.00207692 0.00929443
0.00207764 0.00929412
0.00207837 0.0092938
0.00207909 0.00929349
0.00207981 0.00929318
0.00208054 0.00929286
0.00208126 0.00929255
0.00208198 0.00929223
0.00208271 0.00929192
0.00208343 0.0092916
0.00208415 0.00929129
0.00208488 0.00929097
0.0020856 0.00929066
0.00208632 0.00929035
0.00208705 0.00929003
0.00208777 0.00928972
0.0020885 0.0092894
0.00208922 0.00928909
0.00208994 0.00928877
0.00209067 0.00928846
0.00209139 0.00928815
0.00209212 0.00928783
0.00209284 0.00928752
0.00209356 0.0092872
0.00209429 0.00928689
0.00209501 0.00928657
0.00209574 0.00928626
0.00209646 0.00928594
0.00209719 0.00928563
0.00209791 0.00928531
0.00209863 0.009285
0.00209936 0.00928469
0.00210008 0.00928437
0.00210081 0.00928406
0.00210153 0.00928374
0.00210226 0.00928343
0.00210298 0.00928311
0.00210371 0.0092828
0.00210443 0.00928248
0.00210516 0.00928217
0.00210588 0.00928185
0.00210661 0.00928154
0.00210733 0.00928123
0.00210806 0.00928091
0.00210878 0.0092806
0.00210951 0.00928028
0.00211023 0.00927997
0.00211096 0.00927965
0.00211168 0.00927934
0.00211241 0.00927902
0.00211313 0.00927871
0.00211386 0.00927839
0.00211458 0.00927808
0.00211531 0.00927776
0.00211603 0.00927745
0.00211676 0.00927714
0.00211748 0.00927682
0.00211821 0.00927651
0.00211893 0.00927619
0.00211966 0.00927588
0.00212038 0.00927556
0.00212111 0.00927525
0.00212184 0.00927493
0.00212256 0.00927462
0.00212329 0.0092743
0.00212401 0.00927399
0.00212474 0.00927367
0.00212546 0.00927336
0.00212619 0.00927304
0.00212691 0.00927273
0.00212764 0.00927242
0.00212837 0.0092721
0.00212909 0.00927179
0.00212982 0.00927147
0.00213054 0.00927116
0.00213127 0.00927084
0.00213199 0.00927053
0.00213272 0.00927021
0.00213345 0.0092699
0.00213417 0.00926958
0.0021349 0.00926927
0.00213562 0.00926895
0.00213635 0.00926864
0.00213708 0.00926832
0.0021378 0.00926801
0.00213853 0.00926769
0.00213925 0.00926738
0.00213998 0.00926707
0.00214071 0.00926675
0.00214143 0.00926644
0.00214216 0.00926612
0.00214288 0.00926581
0.00214361 0.00926549
0.00214434 0.00926518
0.00214506 0.00926486
0.00214579 0.00926455
0.00214651 0.00926423
0.00214724 0.00926392
0.00214797 0.0092636
0.00214869 0.00926329
0.00214942 0.00926297
0.00215015 0.00926266
0.00215087 0.00926234
0.0021516 0.00926203
0.00215233 0.00926171
0.00215305 0.0092614
0.00215378 0.00926109
0.0021545 0.00926077
0.00215523 0.00926046
0.00215596 0.00926014
0.00215668 0.00925983
0.00215741 0.00925951
0.00215814 0.0092592
0.00215886 0.00925888
0.00215959 0.00925857
0.00216032 0.00925825
0.00216104 0.00925794
0.00216177 0.00925762
0.0021625 0.00925731
0.00216323 0.00925699
0.00216395 0.00925668
0.00216468 0.00925637
0.00216541 0.00925605
0.00216613 0.00925574
0.00216686 0.00925542
0.00216759 0.00925511
0.00216831 0.00925479
0.00216904 0.00925448
0.00216977 0.00925416
0.0021705 0.00925385
0.00217122 0.00925353
0.00217195 0.00925322
0.00217268 0.0092529
0.00217341 0.00925259
0.00217413 0.00925228
0.00217486 0.00925196
0.00217559 0.00925165
0.00217632 0.00925133
0.00217704 0.00925102
0.00217777 0.0092507
0.0021785 0.00925039
0.00217923 0.00925007
0.00217995 0.00924976
0.00218068 0.00924944
0.00218141 0.00924913
0.00218214 0.00924881
0.00218287 0.0092485
0.00218359 0.00924819
0.00218432 0.00924787
0.00218505 0.00924756
0.00218578 0.00924724
0.00218651 0.00924693
0.00218723 0.00924661
0.00218796 0.0092463
0.00218869 0.00924598
0.00218942 0.00924567
0.00219015 0.00924535
0.00219088 0.00924504
0.00219161 0.00924473
0.00219233 0.00924441
0.00219306 0.0092441
0.00219379 0.00924378
0.00219452 0.00924347
0.00219525 0.00924315
0.00219598 0.00924284
0.00219671 0.00924252
0.00219744 0.00924221
0.00219816 0.0092419
0.00219889 0.00924158
0.00219962 0.00924127
0.00220035 0.00924095
0.00220108 0.00924064
0.00220181 0.00924032
0.00220254 0.00924001
0.00220327 0.00923969
0.002204 0.00923938
0.00220473 0.00923907
0.00220546 0.00923875
0.00220619 0.00923844
0.00220692 0.00923812
0.00220765 0.00923781
0.00220838 0.00923749
0.00220911 0.00923718
0.00220984 0.00923686
0.00221057 0.00923655
0.0022113 0.00923624
0.00221203 0.00923592
0.00221276 0.00923561
0.00221349 0.00923529
0.00221422 0.00923498
0.00221495 0.00923466
0.00221568 0.00923435
0.00221641 0.00923404
0.00221714 0.00923372
0.00221787 0.00923341
0.0022186 0.00923309
0.00221933 0.00923278
0.00222006 0.00923246
0.00222079 0.00923215
0.00222152 0.00923183
0.00222225 0.00923152
0.00222298 0.00923121
0.00222372 0.00923089
0.00222445 0.00923058
0.00222518 0.00923026
0.00222591 0.00922995
0.00222664 0.00922963
0.00222737 0.00922932
0.0022281 0.00922901
0.00222883 0.00922869
0.00222956 0.00922838
0.0022303 0.00922806
0.00223103 0.00922775
0.00223176 0.00922743
0.00223249 0.00922712
0.00223322 0.00922681
0.00223395 0.00922649
0.00223468 0.00922618
0.00223542 0.00922586
0.00223615 0.00922555
0.00223688 0.00922523
0.00223761 0.00922492
0.00223834 0.00922461
0.00223907 0.00922429
0.00223981 0.00922398
0.00224054 0.00922366
0.00224127 0.00922335
0.002242 0.00922304
0.00224273 0.00922272
0.00224346 0.00922241
0.0022442 0.00922209
0.00224493 0.00922178
0.00224566 0.00922146
0.00224639 0.00922115
0.00224712 0.00922084
0.00224786 0.00922052
0.00224859 0.00922021
0.00224932 0.00921989
0.00225005 0.00921958
0.00225078 0.00921926
0.00225152 0.00921895
0.00225225 0.00921864
0.00225298 0.00921832
0.00225371 0.00921801
0.00225445 0.00921769
0.00225518 0.00921738
0.00225591 0.00921707
0.00225664 0.00921675
0.00225738 0.00921644
0.00225811 0.00921612
0.00225884 0.00921581
0.00225957 0.0092155
0.0022603 0.00921518
0.00226104 0.00921487
0.00226177 0.00921455
0.0022625 0.00921424
0.00226323 0.00921392
0.00226397 0.00921361
0.0022647 0.0092133
0.00226543 0.00921298
0.00226616 0.00921267
0.0022669 0.00921235
0.00226763 0.00921204
0.00226836 0.00921173
0.0022691 0.00921141
0.00226983 0.0092111
0.00227056 0.00921078
0.00227129 0.00921047
0.00227203 0.00921016
0.00227276 0.00920984
0.00227349 0.00920953
0.00227422 0.00920921
0.00227496 0.0092089
0.00227569 0.00920859
0.00227642 0.00920827
0.00227716 0.00920796
0.00227789 0.00920764
0.00227862 0.00920733
0.00227935 0.00920702
0.00228009 0.0092067
0.00228082 0.00920639
0.00228155 0.00920607
0.00228229 0.00920576
0.00228302 0.00920545
0.00228375 0.00920513
0.00228448 0.00920482
0.00228522 0.00920451
0.00228595 0.00920419
0.00228668 0.00920388
0.00228742 0.00920356
0.00228815 0.00920325
0.00228888 0.00920294
0.00228962 0.00920262
0.00229035 0.00920231
0.00229108 0.00920199
0.00229182 0.00920168
0.00229255 0.00920137
0.00229328 0.00920105
0.00229402 0.00920074
0.00229475 0.00920043
0.00229548 0.00920011
0.00229622 0.0091998
0.00229695 0.00919948
0.00229768 0.00919917
0.00229842 0.00919886
0.00229915 0.00919854
0.00229988 0.00919823
0.00230062 0.00919792
0.00230135 0.0091976
0.00230209 0.00919729
0.00230282 0.00919697
0.00230355 0.00919666
0.00230429 0.00919635
0.00230502 0.00919603
0.00230575 0.00919572
0.00230649 0.00919541
0.00230722 0.00919509
0.00230796 0.00919478
0.00230869 0.00919447
0.00230942 0.00919415
0.00231016 0.00919384
0.00231089 0.00919353
0.00231163 0.00919321
0.00231236 0.0091929
0.00231309 0.00919258
0.00231383 0.00919227
0.00231456 0.00919196
0.0023153 0.00919164
0.00231603 0.00919133
0.00231677 0.00919102
0.0023175 0.0091907
0.00231824 0.00919039
0.00231897 0.00919008
0.0023197 0.00918976
0.00232044 0.00918945
0.00232117 0.00918914
0.00232191 0.00918882
0.00232264 0.00918851
0.00232338 0.0091882
0.00232411 0.00918788
0.00232485 0.00918757
0.00232558 0.00918726
0.00232632 0.00918694
0.00232705 0.00918663
0.00232779 0.00918632
0.00232852 0.009186
0.00232926 0.00918569
0.00233 0.00918538
0.00233073 0.00918506
0.00233147 0.00918475
0.0023322 0.00918444
0.00233294 0.00918412
0.00233367 0.00918381
0.00233441 0.0091835
0.00233514 0.00918318
0.00233588 0.00918287
0.00233662 0.00918256
0.00233735 0.00918224
0.00233809 0.00918193
0.00233882 0.00918162
0.00233956 0.0091813
0.0023403 0.00918099
0.00234103 0.00918068
0.00234177 0.00918036
0.00234251 0.00918005
0.00234324 0.00917974
0.00234398 0.00917942
0.00234471 0.00917911
0.00234545 0.0091788
0.00234619 0.00917848
0.00234692 0.00917817
0.00234766 0.00917786
0.0023484 0.00917754
0.00234913 0.00917723
0.00234987 0.00917692
0.00235061 0.0091766
0.00235135 0.00917629
0.00235208 0.00917598
0.00235282 0.00917566
0.00235356 0.00917535
0.00235429 0.00917504
0.00235503 0.00917472
0.00235577 0.00917441
0.0023565 0.0091741
0.00235724 0.00917378
0.00235798 0.00917347
0.00235872 0.00917316
0.00235945 0.00917284
0.00236019 0.00917253
0.00236093 0.00917222
0.00236167 0.00917191
0.0023624 0.00917159
0.00236314 0.00917128
0.00236388 0.00917097
0.00236462 0.00917065
0.00236536 0.00917034
0.00236609 0.00917003
0.00236683 0.00916971
0.00236757 0.0091694
0.00236831 0.00916909
0.00236905 0.00916877
0.00236978 0.00916846
0.00237052 0.00916815
0.00237126 0.00916783
0.002372 0.00916752
0.00237274 0.00916721
0.00237347 0.0091669
0.00237421 0.00916658
0.00237495 0.00916627
0.00237569 0.00916596
0.00237643 0.00916564
0.00237717 0.00916533
0.0023779 0.00916502
0.00237864 0.0091647
0.00237938 0.00916439
0.00238012 0.00916408
0.00238086 0.00916376
0.0023816 0.00916345
0.00238233 0.00916314
0.00238307 0.00916282
0.00238381 0.00916251
0.00238455 0.0091622
0.00238529 0.00916189
0.00238603 0.00916157
0.00238677 0.00916126
0.0023875 0.00916095
0.00238824 0.00916063
0.00238898 0.00916032
0.00238972 0.00916001
0.00239046 0.00915969
0.0023912 0.00915938
0.00239194 0.00915907
0.00239268 0.00915876
0.00239341 0.00915844
0.00239415 0.00915813
0.00239489 0.00915782
0.00239563 0.0091575
0.00239637 0.00915719
0.00239711 0.00915688
0.00239785 0.00915656
0.00239859 0.00915625
0.00239932 0.00915594
0.00240006 0.00915562
0.0024008 0.00915531
0.00240154 0.009155
0.00240228 0.00915469
0.00240302 0.00915437
0.00240376 0.00915406
0.0024045 0.00915375
0.00240524 0.00915343
0.00240598 0.00915312
0.00240671 0.00915281
0.00240745 0.00915249
0.00240819 0.00915218
0.00240893 0.00915187
0.00240967 0.00915156
0.00241041 0.00915124
0.00241115 0.00915093
0.00241189 0.00915062
0.00241263 0.0091503
0.00241337 0.00914999
0.00241411 0.00914968
0.00241484 0.00914937
0.00241558 0.00914905
0.00241632 0.00914874
0.00241706 0.00914843
0.0024178 0.00914811
0.00241854 0.0091478
0.00241928 0.00914749
0.00242002 0.00914717
0.00242076 0.00914686
0.0024215 0.00914655
0.00242224 0.00914624
0.00242298 0.00914592
0.00242372 0.00914561
0.00242446 0.0091453
0.0024252 0.00914498
0.00242593 0.00914467
0.00242667 0.00914436
0.00242741 0.00914405
0.00242815 0.00914373
0.00242889 0.00914342
0.00242963 0.00914311
0.00243037 0.00914279
0.00243111 0.00914248
0.00243185 0.00914217
0.00243259 0.00914185
0.00243333 0.00914154
0.00243407 0.00914123
0.00243481 0.00914092
0.00243555 0.0091406
0.00243629 0.00914029
0.00243703 0.00913998
0.00243777 0.00913966
0.00243851 0.00913935
0.00243925 0.00913904
0.00243999 0.00913873
0.00244073 0.00913841
0.00244147 0.0091381
0.00244221 0.00913779
0.00244295 0.00913747
0.00244369 0.00913716
0.00244443 0.00913685
0.00244517 0.00913654
0.00244591 0.00913622
0.00244665 0.00913591
0.00244739 0.0091356
0.00244813 0.00913528
0.00244887 0.00913497
0.00244961 0.00913466
0.00245035 0.00913435
0.00245109 0.00913403
0.00245183 0.00913372
0.00245257 0.00913341
0.00245331 0.00913309
0.00245406 0.00913278
0.0024548 0.00913247
0.00245554 0.00913216
0.00245628 0.00913184
0.00245702 0.00913153
0.00245776 0.00913122
0.0024585 0.0091309
0.00245924 0.00913059
0.00245998 0.00913028
0.00246073 0.00912997
0.00246147 0.00912965
0.00246221 0.00912934
0.00246295 0.00912903
0.00246369 0.00912871
0.00246443 0.0091284
0.00246517 0.00912809
0.00246592 0.00912778
0.00246666 0.00912746
0.0024674 0.00912715
0.00246814 0.00912684
0.00246888 0.00912652
0.00246962 0.00912621
0.00247037 0.0091259
0.00247111 0.00912558
0.00247185 0.00912527
0.00247259 0.00912496
0.00247333 0.00912465
0.00247408 0.00912433
0.00247482 0.00912402
0.00247556 0.00912371
0.0024763 0.00912339
0.00247705 0.00912308
0.00247779 0.00912277
0.00247853 0.00912246
0.00247927 0.00912214
0.00248002 0.00912183
0.00248076 0.00912152
0.0024815 0.0091212
0.00248224 0.00912089
0.00248299 0.00912058
0.00248373 0.00912026
0.00248447 0.00911995
0.00248522 0.00911964
0.00248596 0.00911933
0.0024867 0.00911901
0.00248745 0.0091187
0.00248819 0.00911839
0.00248893 0.00911807
0.00248968 0.00911776
0.00249042 0.00911745
0.00249116 0.00911713
0.00249191 0.00911682
0.00249265 0.00911651
0.00249339 0.0091162
0.00249414 0.00911588
0.00249488 0.00911557
0.00249562 0.00911526
0.00249637 0.00911494
0.00249711 0.00911463
0.00249786 0.00911432
0.0024986 0.009114
0.00249934 0.00911369
0.00250009 0.00911338
0.00250083 0.00911306
0.00250158 0.00911275
0.00250232 0.00911244
0.00250306 0.00911213
0.00250381 0.00911181
0.00250455 0.0091115
0.0025053 0.00911119
0.00250604 0.00911087
0.00250679 0.00911056
0.00250753 0.00911025
0.00250827 0.00910993
0.00250902 0.00910962
0.00250976 0.00910931
0.00251051 0.00910899
0.00251125 0.00910868
0.002512 0.00910837
0.00251274 0.00910805
0.00251349 0.00910774
0.00251423 0.00910743
0.00251498 0.00910711
0.00251572 0.0091068
0.00251646 0.00910649
0.00251721 0.00910617
0.00251795 0.00910586
0.0025187 0.00910555
0.00251944 0.00910524
0.00252019 0.00910492
0.00252093 0.00910461
0.00252168 0.0091043
0.00252242 0.00910398
0.00252317 0.00910367
0.00252391 0.00910336
0.00252466 0.00910304
0.0025254 0.00910273
0.00252615 0.00910242
0.00252689 0.0091021
0.00252764 0.00910179
0.00252838 0.00910147
0.00252913 0.00910116
0.00252987 0.00910085
0.00253062 0.00910053
0.00253136 0.00910022
0.00253211 0.00909991
0.00253285 0.00909959
0.0025336 0.00909928
0.00253434 0.00909897
0.00253509 0.00909865
0.00253583 0.00909834
0.00253658 0.00909803
0.00253732 0.00909771
0.00253807 0.0090974
0.00253881 0.00909709
0.00253956 0.00909677
0.0025403 0.00909646
0.00254105 0.00909615
0.00254179 0.00909583
0.00254254 0.00909552
0.00254328 0.0090952
0.00254403 0.00909489
0.00254477 0.00909458
0.00254552 0.00909426
0.00254626 0.00909395
0.00254701 0.00909364
0.00254775 0.00909332
0.0025485 0.00909301
0.00254924 0.0090927
0.00254999 0.00909238
0.00255073 0.00909207
0.00255148 0.00909175
0.00255222 0.00909144
0.00255297 0.00909113
0.00255371 0.00909081
0.00255446 0.0090905
0.0025552 0.00909019
0.00255595 0.00908987
0.0025567 0.00908956
0.00255744 0.00908924
0.00255819 0.00908893
0.00255893 0.00908862
0.00255968 0.0090883
0.00256042 0.00908799
0.00256117 0.00908768
0.00256191 0.00908736
0.00256266 0.00908705
0.0025634 0.00908673
0.00256415 0.00908642
0.00256489 0.00908611
0.00256564 0.00908579
0.00256638 0.00908548
0.00256713 0.00908516
0.00256788 0.00908485
0.00256862 0.00908454
0.00256937 0.00908422
0.00257011 0.00908391
0.00257086 0.00908359
0.0025716 0.00908328
0.00257235 0.00908296
0.0025731 0.00908265
0.00257384 0.00908234
0.00257459 0.00908202
0.00257533 0.00908171
0.00257608 0.00908139
0.00257682 0.00908108
0.00257757 0.00908077
0.00257832 0.00908045
0.00257906 0.00908014
0.00257981 0.00907982
0.00258055 0.00907951
0.0025813 0.00907919
0.00258205 0.00907888
0.00258279 0.00907857
0.00258354 0.00907825
0.00258429 0.00907794
0.00258503 0.00907762
0.00258578 0.00907731
0.00258653 0.00907699
0.00258727 0.00907668
0.00258802 0.00907637
0.00258876 0.00907605
0.00258951 0.00907574
0.00259026 0.00907542
0.002591 0.00907511
0.00259175 0.00907479
0.0025925 0.00907448
0.00259325 0.00907416
0.00259399 0.00907385
0.00259474 0.00907353
0.00259549 0.00907322
0.00259623 0.0090729
0.00259698 0.00907259
0.00259773 0.00907228
0.00259848 0.00907196
0.00259922 0.00907165
0.00259997 0.00907133
0.00260072 0.00907102
0.00260146 0.0090707
0.00260221 0.00907039
0.00260296 0.00907007
0.00260371 0.00906976
0.00260445 0.00906944
0.0026052 0.00906913
0.00260595 0.00906881
0.0026067 0.0090685
0.00260745 0.00906818
0.00260819 0.00906787
0.00260894 0.00906755
0.00260969 0.00906724
0.00261044 0.00906692
0.00261119 0.00906661
0.00261193 0.00906629
0.00261268 0.00906598
0.00261343 0.00906566
0.00261418 0.00906535
0.00261493 0.00906503
0.00261568 0.00906472
0.00261642 0.0090644
0.00261717 0.00906409
0.00261792 0.00906377
0.00261867 0.00906346
0.00261942 0.00906314
0.00262017 0.00906283
0.00262092 0.00906251
0.00262167 0.0090622
0.00262241 0.00906188
0.00262316 0.00906157
0.00262391 0.00906125
0.00262466 0.00906093
0.00262541 0.00906062
0.00262616 0.0090603
0.00262691 0.00905999
0.00262766 0.00905967
0.00262841 0.00905936
0.00262916 0.00905904
0.00262991 0.00905873
0.00263066 0.00905841
0.00263141 0.0090581
0.00263215 0.00905778
0.0026329 0.00905746
0.00263365 0.00905715
0.0026344 0.00905683
0.00263515 0.00905652
0.0026359 0.0090562
0.00263665 0.00905589
0.0026374 0.00905557
0.00263815 0.00905525
0.0026389 0.00905494
0.00263965 0.00905462
0.0026404 0.00905431
0.00264115 0.00905399
0.0026419 0.00905368
0.00264265 0.00905336
0.0026434 0.00905304
0.00264415 0.00905273
0.0026449 0.00905241
0.00264565 0.0090521
0.0026464 0.00905178
0.00264715 0.00905146
0.0026479 0.00905115
0.00264865 0.00905083
0.0026494 0.00905052
0.00265015 0.0090502
0.0026509 0.00904988
0.00265165 0.00904957
0.0026524 0.00904925
0.00265315 0.00904894
0.0026539 0.00904862
0.00265465 0.0090483
0.0026554 0.00904799
0.00265615 0.00904767
0.0026569 0.00904735
0.00265766 0.00904704
0.00265841 0.00904672
0.00265916 0.00904641
0.00265991 0.00904609
0.00266066 0.00904577
0.00266141 0.00904546
0.00266216 0.00904514
0.00266291 0.00904482
0.00266366 0.00904451
0.00266441 0.00904419
0.00266516 0.00904387
0.00266591 0.00904356
0.00266666 0.00904324
0.00266741 0.00904292
0.00266816 0.00904261
0.00266891 0.00904229
0.00266966 0.00904197
0.00267041 0.00904166
0.00267116 0.00904134
0.00267191 0.00904102
0.00267266 0.00904071
0.00267342 0.00904039
0.00267417 0.00904007
0.00267492 0.00903976
0.00267567 0.00903944
0.00267642 0.00903912
