0 0 0
45.8562 32.7547 0
91.7125 65.5095 0
137.569 98.2643 0
183.425 131.019 0
229.282 163.774 0
275.139 196.529 0
320.996 229.284 0
366.854 262.039 0
412.711 294.794 0
458.569 327.549 0
504.428 360.304 0
550.287 393.059 0
596.147 425.815 0
642.007 458.57 0
687.867 491.326 0
733.729 524.082 0
779.591 556.838 0
825.454 589.594 0
871.317 622.35 0
917.182 655.107 0
963.047 687.863 0
1008.91 720.62 0
1054.78 753.377 0
1100.65 786.134 0
1146.52 818.892 0
1192.39 851.649 0
1238.26 884.407 0
1284.13 917.165 0
1330.01 949.924 0
1375.88 982.682 0
1421.76 1015.44 0
1467.63 1048.2 0
1513.51 1080.96 0
1559.39 1113.72 0
1605.28 1146.48 0
1651.16 1179.24 0
1697.05 1212 0
1742.93 1244.76 0
1788.82 1277.52 0
1834.71 1310.29 0
1880.61 1343.05 0
1926.5 1375.81 0
1972.4 1408.57 0
2018.29 1441.34 0
2064.2 1474.1 0
2110.1 1506.86 0
2156 1539.63 0
2201.91 1572.39 0
2247.82 1605.16 0
2293.73 1637.92 0
2339.64 1670.69 0
2385.56 1703.46 0
2431.48 1736.22 0
2477.4 1768.99 0
2523.33 1801.76 0
2569.25 1834.53 0
2615.18 1867.3 0
2661.12 1900.07 0
2707.05 1932.84 0
2752.99 1965.61 0
2798.93 1998.38 0
2844.88 2031.15 0
2890.82 2063.92 0
2936.78 2096.7 0
2982.73 2129.47 0
3028.69 2162.25 0
3074.65 2195.02 0
3120.61 2227.8 0
3166.58 2260.57 0
3212.56 2293.35 0
3258.53 2326.13 0
3304.51 2358.9 0
3350.5 2391.68 0
3396.48 2424.46 0
3442.47 2457.24 0
3488.47 2490.02 0
3534.47 2522.81 0
3580.48 2555.59 0
3626.49 2588.37 0
3672.5 2621.16 0
3718.52 2653.94 0
3764.54 2686.73 0
3810.57 2719.51 0
3856.6 2752.3 0
3902.64 2785.09 0
3948.68 2817.87 0
3994.73 2850.66 0
4040.78 2883.45 0
4086.84 2916.25 0
4132.9 2949.04 0
4178.97 2981.83 0
4225.05 3014.62 0
4271.13 3047.42 0
4317.21 3080.21 0
4363.31 3113.01 0
4409.41 3145.81 0
4455.51 3178.61 0
4501.62 3211.41 0
4547.74 3244.21 0
4593.86 3277.01 0
4639.99 3309.81 0
4686.13 3342.61 0
4732.27 3375.42 0
4778.42 3408.22 0
4824.58 3441.03 0
4870.75 3473.84 0
4916.92 3506.65 0
4963.1 3539.45 0
5009.29 3572.27 0
5055.48 3605.08 0
5101.69 3637.89 0
5147.9 3670.7 0
5194.11 3703.52 0
5240.34 3736.34 0
5286.58 3769.15 0
5332.82 3801.97 0
5379.07 3834.79 0
5425.33 3867.61 0
5471.6 3900.43 0
5517.88 3933.26 0
5564.17 3966.08 0
5610.47 3998.91 0
5656.78 4031.74 0
5703.09 4064.56 0
5749.42 4097.39 0
5795.76 4130.23 0
5842.1 4163.06 0
5888.46 4195.89 0
5934.82 4228.73 0
5981.2 4261.56 0
6027.59 4294.4 0
6073.99 4327.24 0
6120.4 4360.08 0
6166.82 4392.92 0
6213.25 4425.77 0
6259.7 4458.61 0
6306.15 4491.46 0
6352.62 4524.31 0
6399.1 4557.16 0
6445.59 4590.01 0
6492.09 4622.86 0
6538.61 4655.71 0
6585.14 4688.57 0
6631.68 4721.43 0
6678.24 4754.28 0
6724.81 4787.14 0
6771.39 4820.01 0
6817.98 4852.87 0
6864.59 4885.74 0
6911.22 4918.6 0
6957.86 4951.47 0
7004.51 4984.34 0
7051.18 5017.21 0
7097.86 5050.09 0
7144.56 5082.96 0
7191.27 5115.84 0
7238 5148.72 0
7284.74 5181.6 0
7331.5 5214.48 0
7378.28 5247.37 0
7425.07 5280.25 0
7471.88 5313.14 0
7518.7 5346.03 0
7565.55 5378.92 0
7612.41 5411.82 0
7659.29 5444.71 0
7706.18 5477.61 0
7753.1 5510.51 0
7800.03 5543.41 0
7846.98 5576.31 0
7893.95 5609.22 0
7940.93 5642.13 0
7987.94 5675.04 0
8034.97 5707.95 0
8082.01 5740.86 0
8129.08 5773.77 0
8176.17 5806.69 0
8223.27 5839.6 0
8270.4 5872.52 0
8317.55 5905.44 0
8364.72 5938.36 0
8411.91 5971.28 0
8459.13 6004.21 0
8506.36 6037.13 0
8553.62 6070.06 0
8600.9 6102.98 0
8648.2 6135.91 0
8695.53 6168.84 0
8742.88 6201.78 0
8790.26 6234.71 0
8837.66 6267.64 0
8885.12 6300.55 0
8932.61 6333.45 0
8980.15 6366.34 0
9027.73 6399.22 0
9075.36 6432.08 0
9123.03 6464.93 0
9170.74 6497.77 0
9218.5 6530.59 0
9266.3 6563.4 0
9314.15 6596.2 0
9362.03 6628.98 0
9409.97 6661.75 0
9457.94 6694.51 0
9505.96 6727.25 0
9554.03 6759.98 0
9602.14 6792.7 0
9650.29 6825.4 0
9698.49 6858.09 0
9746.73 6890.77 0
9795.02 6923.43 0
9843.35 6956.07 0
9891.73 6988.71 0
9940.15 7021.32 0
9988.61 7053.93 0
10037.1 7086.52 0
10085.7 7119.09 0
10134.3 7151.66 0
10182.9 7184.2 0
10231.6 7216.73 0
10280.3 7249.25 0
10329.1 7281.75 0
10377.9 7314.24 0
10426.8 7346.72 0
10475.7 7379.17 0
10524.7 7411.62 0
10573.7 7444.05 0
10622.7 7476.46 0
10671.8 7508.86 0
10720.9 7541.24 0
10770.1 7573.61 0
10819.3 7605.96 0
10868.6 7638.29 0
10917.9 7670.62 0
10967.3 7702.92 0
11016.7 7735.21 0
11066.1 7767.48 0
11115.6 7799.74 0
11165.2 7831.98 0
11214.8 7864.21 0
11264.4 7896.42 0
11314.1 7928.61 0
11363.8 7960.79 0
11413.5 7992.95 0
11463.3 8025.1 0
11513.2 8057.23 0
11563.1 8089.34 0
11613 8121.44 0
11663 8153.52 0
11713 8185.58 0
11763.1 8217.62 0
11813.2 8249.65 0
11863.4 8281.67 0
11913.6 8313.66 0
11963.8 8345.64 0
12014.1 8377.6 0
12064.5 8409.55 0
12114.9 8441.47 0
12165.3 8473.38 0
12215.7 8505.27 0
12266.3 8537.15 0
12316.8 8569.01 0
12367.4 8600.85 0
12418.1 8632.67 0
12468.7 8664.47 0
12519.5 8696.26 0
12570.2 8728.03 0
12621 8759.78 0
12671.9 8791.51 0
12722.8 8823.23 0
12773.7 8854.93 0
12824.7 8886.61 0
12875.7 8918.27 0
12926.8 8949.91 0
12977.9 8981.53 0
13029.1 9013.14 0
13080.3 9044.73 0
13131.5 9076.3 0
13182.8 9107.85 0
13234.1 9139.38 0
13285.5 9170.89 0
13336.9 9202.38 0
13388.3 9233.86 0
13439.8 9265.31 0
13491.3 9296.75 0
13542.9 9328.17 0
13594.5 9359.57 0
13646.1 9390.95 0
13697.8 9422.31 0
13749.5 9453.65 0
13801.3 9484.97 0
13853.1 9516.27 0
13904.9 9547.55 0
13956.8 9578.81 0
14008.7 9610.06 0
14060.7 9641.28 0
14112.7 9672.48 0
14164.7 9703.67 0
14216.8 9734.83 0
14268.9 9765.97 0
14321.1 9797.1 0
14373.2 9828.2 0
14425.5 9859.28 0
14477.7 9890.34 0
14530 9921.39 0
14582.4 9952.41 0
14634.7 9983.41 0
14687.1 10014.4 0
14739.6 10045.3 0
14792.1 10076.3 0
14844.6 10107.2 0
14897.1 10138.1 0
14949.7 10169 0
15002.3 10199.8 0
15055 10230.7 0
15107.7 10261.5 0
15160.4 10292.3 0
15213.2 10323.1 0
15265.9 10353.8 0
15318.8 10384.5 0
15371.6 10415.2 0
15424.5 10445.9 0
15477.4 10476.6 0
15530.4 10507.2 0
15583.4 10537.9 0
15636.4 10568.5 0
15689.4 10599 0
15742.5 10629.6 0
15795.6 10660.1 0
15848.8 10690.6 0
15901.9 10721.1 0
15955.1 10751.6 0
16008.4 10782 0
16061.6 10812.5 0
16114.9 10842.9 0
16168.2 10873.2 0
16221.6 10903.6 0
16274.9 10933.9 0
16328.3 10964.3 0
16381.8 10994.5 0
16435.2 11024.8 0
16488.7 11055.1 0
16542.2 11085.3 0
16595.7 11115.5 0
16649.3 11145.6 0
16702.9 11175.8 0
16756.5 11205.9 0
16810.1 11236 0
16863.7 11266.1 0
16917.4 11296.2 0
16971.1 11326.2 0
17024.8 11356.2 0
17078.6 11386.2 0
17132.3 11416.2 0
17186.1 11446.1 0
17239.9 11476.1 0
17293.8 11506 0
17347.6 11535.8 0
17401.5 11565.7 0
17455.4 11595.5 0
17509.3 11625.3 0
17563.2 11655.1 0
17617.2 11684.9 0
17671.1 11714.6 0
17725.1 11744.3 0
17779.1 11774 0
17833.1 11803.6 0
17887.1 11833.3 0
17941.2 11862.9 0
17995.2 11892.5 0
18049.3 11922 0
18103.4 11951.6 0
18157.5 11981.1 0
18211.6 12010.6 0
18265.7 12040 0
18319.9 12069.5 0
18374 12098.9 0
18428.2 12128.3 0
18482.4 12157.7 0
18536.5 12187 0
18590.7 12216.3 0
18644.9 12245.6 0
18699.2 12274.9 0
18753.4 12304.1 0
18807.6 12333.4 0
18861.8 12362.5 0
18916.1 12391.7 0
18970.3 12420.9 0
19024.6 12450 0
19078.8 12479.1 0
19133.1 12508.1 0
19187.4 12537.2 0
19241.6 12566.2 0
19295.9 12595.2 0
19350.2 12624.2 0
19404.5 12653.1 0
19458.7 12682 0
19513 12710.9 0
19567.3 12739.8 0
19621.6 12768.6 0
19675.9 12797.4 0
19730.1 12826.2 0
19784.4 12855 0
19838.7 12883.7 0
19892.9 12912.4 0
19947.2 12941.1 0
20001.5 12969.8 0
20055.7 12998.4 0
20110 13027 0
20164.2 13055.6 0
20218.4 13084.1 0
20272.7 13112.7 0
20326.9 13141.2 0
20381.1 13169.7 0
20435.3 13198.1 0
20489.5 13226.5 0
20543.7 13254.9 0
20597.8 13283.3 0
20652 13311.6 0
20706.1 13340 0
20760.3 13368.3 0
20814.4 13396.5 0
20868.5 13424.8 0
20922.6 13453 0
20976.6 13481.2 0
21030.7 13509.3 0
21084.7 13537.5 0
21138.7 13565.6 0
21192.7 13593.7 0
21246.7 13621.7 0
21300.7 13649.7 0
21354.6 13677.7 0
21408.5 13705.7 0
21462.4 13733.7 0
21516.3 13761.6 0
21570.1 13789.5 0
21623.9 13817.3 0
21677.7 13845.2 0
21731.5 13873 0
21785.2 13900.8 0
21838.9 13928.5 0
21892.6 13956.3 0
21946.3 13984 0
21999.9 14011.7 0
22053.5 14039.3 0
22107.1 14066.9 0
22160.6 14094.5 0
22214.1 14122.1 0
22267.6 14149.6 0
22321 14177.2 0
22374.4 14204.6 0
22427.7 14232.1 0
22481.1 14259.5 0
22534.3 14286.9 0
22587.6 14314.3 0
22640.8 14341.7 0
22694 14369 0
22747.1 14396.3 0
22800.2 14423.6 0
22853.2 14450.8 0
22906.2 14478 0
22959.2 14505.2 0
23012.1 14532.4 0
23064.9 14559.5 0
23117.8 14586.6 0
23170.5 14613.7 0
23223.3 14640.7 0
23275.9 14667.8 0
23328.5 14694.8 0
23381.1 14721.7 0
23433.6 14748.7 0
23486.1 14775.6 0
23538.5 14802.5 0
23590.9 14829.3 0
23643.2 14856.2 0
23695.4 14883 0
23747.6 14909.7 0
23799.7 14936.5 0
23851.8 14963.2 0
23903.8 14989.9 0
23955.8 15016.6 0
24007.7 15043.2 0
24059.5 15069.8 0
24111.3 15096.4 0
24163 15122.9 0
24214.6 15149.5 0
24266.2 15176 0
24317.7 15202.4 0
24369.1 15228.9 0
24420.5 15255.3 0
24471.7 15281.7 0
24523 15308 0
24574.1 15334.4 0
24625.2 15360.7 0
24676.2 15387 0
24727.1 15413.2 0
24778 15439.4 0
24828.8 15465.6 0
24879.5 15491.8 0
24930.1 15517.9 0
24980.6 15544.1 0
25031.1 15570.1 0
25081.5 15596.2 0
25131.8 15622.2 0
25182 15648.2 0
25232.1 15674.2 0
25282.1 15700.1 0
25332.1 15726.1 0
25382 15752 0
25431.7 15777.8 0
25481.4 15803.7 0
25531 15829.5 0
25580.5 15855.2 0
25630 15881 0
25679.3 15906.7 0
25728.5 15932.4 0
25777.6 15958.1 0
25826.7 15983.7 0
25875.6 16009.3 0
25924.4 16034.9 0
25973.2 16060.5 0
26021.8 16086 0
26070.3 16111.5 0
26118.8 16137 0
26167.1 16162.5 0
26215.3 16187.9 0
26263.4 16213.3 0
26311.4 16238.6 0
26359.3 16264 0
26407.1 16289.3 0
26454.8 16314.6 0
26502.4 16339.8 0
26549.8 16365.1 0
26597.2 16390.3 0
26644.4 16415.4 0
26691.5 16440.6 0
26738.5 16465.7 0
26785.3 16490.8 0
26832.1 16515.9 0
26878.7 16540.9 0
26925.2 16565.9 0
26971.6 16590.9 0
27017.9 16615.9 0
27064 16640.8 0
27110 16665.7 0
27155.9 16690.6 0
27201.7 16715.4 0
27247.3 16740.3 0
27292.8 16765.1 0
27338.1 16789.8 0
27383.4 16814.6 0
27428.5 16839.3 0
27473.4 16864 0
27518.2 16888.6 0
27562.9 16913.3 0
27607.5 16937.9 0
27651.9 16962.4 0
27696.1 16987 0
27740.3 17011.5 0
27784.2 17036 0
27828 17060.5 0
27871.6 17084.9 0
27915 17109.4 0
27958.2 17133.8 0
28001.3 17158.1 0
28044.1 17182.5 0
28086.7 17206.8 0
28129.1 17231.1 0
28171.3 17255.3 0
28213.4 17279.6 0
28255.2 17303.8 0
28296.9 17327.9 0
28338.4 17352.1 0
28379.6 17376.2 0
28420.7 17400.3 0
28461.7 17424.4 0
28502.4 17448.4 0
28542.9 17472.5 0
28583.3 17496.5 0
28623.5 17520.4 0
28663.5 17544.4 0
28703.3 17568.3 0
28742.9 17592.2 0
28782.4 17616.1 0
28821.7 17639.9 0
28860.8 17663.7 0
28899.8 17687.5 0
28938.5 17711.3 0
28977.1 17735 0
29015.6 17758.7 0
29053.8 17782.4 0
29091.9 17806 0
29129.8 17829.7 0
29167.6 17853.3 0
29205.2 17876.9 0
29242.6 17900.4 0
29279.9 17923.9 0
29317 17947.4 0
29353.9 17970.9 0
29390.7 17994.4 0
29427.3 18017.8 0
29463.8 18041.2 0
29500.1 18064.6 0
29536.3 18087.9 0
29572.3 18111.2 0
29608.2 18134.5 0
29643.9 18157.8 0
29679.4 18181.1 0
29714.8 18204.3 0
29750.1 18227.5 0
29785.2 18250.7 0
29820.2 18273.8 0
29855 18296.9 0
29889.7 18320 0
29924.2 18343.1 0
29958.6 18366.2 0
29992.9 18389.2 0
30027 18412.2 0
30061 18435.1 0
30094.8 18458.1 0
30128.5 18481 0
30162.1 18503.9 0
30195.6 18526.8 0
30228.9 18549.6 0
30262.1 18572.5 0
30295.1 18595.3 0
30328.1 18618 0
30360.9 18640.8 0
30393.5 18663.5 0
30426.1 18686.2 0
30458.5 18708.9 0
30490.9 18731.5 0
30523.1 18754.2 0
30555.1 18776.8 0
30587.1 18799.3 0
30618.9 18821.9 0
30650.7 18844.4 0
30682.3 18866.9 0
30713.8 18889.4 0
30745.2 18911.9 0
30776.5 18934.3 0
30807.6 18956.7 0
30838.7 18979.1 0
30869.7 19001.4 0
30900.5 19023.8 0
30931.3 19046.1 0
30961.9 19068.4 0
30992.5 19090.6 0
31022.9 19112.9 0
31053.3 19135.1 0
31083.6 19157.3 0
31113.7 19179.4 0
31143.8 19201.6 0
31173.8 19223.7 0
31203.7 19245.8 0
31233.4 19267.9 0
31263.1 19289.9 0
31292.8 19311.9 0
31322.3 19333.9 0
31351.7 19355.9 0
31381.1 19377.9 0
31410.4 19399.8 0
31439.6 19421.7 0
31468.7 19443.6 0
31497.7 19465.4 0
31526.7 19487.3 0
31555.6 19509.1 0
31584.4 19530.9 0
31613.1 19552.6 0
31641.8 19574.4 0
31670.4 19596.1 0
31698.9 19617.8 0
31727.4 19639.4 0
31755.8 19661.1 0
31784.1 19682.7 0
31812.4 19704.3 0
31840.6 19725.9 0
31868.7 19747.4 0
31896.8 19769 0
31924.8 19790.5 0
31952.8 19811.9 0
31980.7 19833.4 0
32008.6 19854.8 0
32036.4 19876.2 0
32064.1 19897.6 0
32091.8 19919 0
32119.5 19940.3 0
32147.1 19961.6 0
32174.6 19982.9 0
32202.1 20004.2 0
32229.6 20025.5 0
32257 20046.7 0
32284.4 20067.9 0
32311.8 20089.1 0
32339.1 20110.2 0
32366.4 20131.3 0
32393.6 20152.4 0
32420.8 20173.5 0
32448 20194.6 0
32475.1 20215.6 0
32502.3 20236.6 0
32529.3 20257.6 0
32556.4 20278.6 0
32583.4 20299.5 0
32610.4 20320.4 0
32637.4 20341.3 0
32664.4 20362.1 0
32691.4 20383 0
32718.3 20403.8 0
32745.2 20424.6 0
32772.1 20445.3 0
32799 20466.1 0
32825.9 20486.8 0
32852.7 20507.5 0
32879.6 20528.1 0
32906.4 20548.8 0
32933.2 20569.4 0
32960.1 20590 0
32986.9 20610.5 0
33013.7 20631.1 0
33040.6 20651.6 0
33067.4 20672.1 0
33094.2 20692.5 0
33121 20713 0
33147.9 20733.4 0
33174.7 20753.8 0
33201.5 20774.1 0
33228.4 20794.5 0
33255.3 20814.8 0
33282.1 20835.1 0
33309 20855.4 0
33335.9 20875.6 0
33362.9 20895.8 0
33389.8 20916 0
33416.8 20936.2 0
33443.7 20956.3 0
33470.7 20976.4 0
33497.8 20996.5 0
33524.8 21016.6 0
33551.9 21036.6 0
33579 21056.6 0
33606.1 21076.6 0
33633.3 21096.6 0
33660.5 21116.5 0
33687.7 21136.5 0
33714.9 21156.3 0
33742.2 21176.2 0
33769.6 21196.1 0
33797 21215.9 0
33824.4 21235.7 0
33851.8 21255.4 0
33879.3 21275.1 0
33906.9 21294.9 0
33934.5 21314.5 0
33962.1 21334.2 0
33989.8 21353.8 0
34017.5 21373.4 0
34045.3 21393 0
34073.2 21412.6 0
34101.1 21432.1 0
34129.1 21451.6 0
34157.1 21471.1 0
34185.2 21490.5 0
34213.3 21510 0
34241.5 21529.4 0
34269.8 21548.7 0
34298.1 21568.1 0
34326.5 21587.4 0
34355 21606.7 0
34383.6 21625.9 0
34412.2 21645.2 0
34440.9 21664.4 0
34469.7 21683.6 0
34498.5 21702.7 0
34527.4 21721.9 0
34556.4 21741 0
34585.6 21760 0
34614.8 21779 0
34644.2 21797.9 0
34673.6 21816.8 0
34703.2 21835.6 0
34732.8 21854.4 0
34762.6 21873.1 0
34792.5 21891.8 0
34822.5 21910.4 0
34852.6 21928.9 0
34882.8 21947.4 0
34913 21965.9 0
34943.4 21984.3 0
34973.9 22002.6 0
35004.5 22020.9 0
35035.1 22039.1 0
35065.9 22057.3 0
35096.8 22075.4 0
35127.7 22093.5 0
35158.7 22111.5 0
35189.9 22129.5 0
35221.1 22147.4 0
35252.4 22165.3 0
35283.7 22183.1 0
35315.2 22200.9 0
35346.8 22218.6 0
35378.4 22236.2 0
35410.1 22253.8 0
35441.9 22271.4 0
35473.8 22288.9 0
35505.7 22306.3 0
35537.7 22323.7 0
35569.8 22341 0
35602 22358.3 0
35634.2 22375.6 0
35666.5 22392.8 0
35698.9 22409.9 0
35731.3 22427 0
35763.8 22444 0
35796.4 22461 0
35829.1 22477.9 0
35861.8 22494.8 0
35894.5 22511.6 0
35927.4 22528.4 0
35960.2 22545.2 0
35993.2 22561.8 0
36026.2 22578.5 0
36059.2 22595 0
36092.3 22611.6 0
36125.5 22628 0
36158.7 22644.5 0
36192 22660.8 0
36225.3 22677.2 0
36258.7 22693.4 0
36292.1 22709.6 0
36325.5 22725.8 0
36359 22741.9 0
36392.6 22758 0
36426.2 22774 0
36459.8 22790 0
36493.5 22805.9 0
36527.2 22821.8 0
36560.9 22837.7 0
36594.7 22853.4 0
36628.5 22869.2 0
36662.3 22884.8 0
36696.2 22900.5 0
36730.1 22916.1 0
36764.1 22931.6 0
36798 22947.1 0
36832 22962.5 0
36866 22977.9 0
36900.1 22993.2 0
36934.1 23008.5 0
36968.2 23023.8 0
37002.3 23039 0
37036.4 23054.1 0
37070.6 23069.2 0
37104.7 23084.2 0
37138.9 23099.2 0
37173.1 23114.2 0
37207.3 23129.1 0
37241.5 23144 0
37275.7 23158.8 0
37309.9 23173.5 0
37344.2 23188.2 0
37378.4 23202.9 0
37412.7 23217.5 0
37446.9 23232.1 0
37481.1 23246.6 0
37515.4 23261.1 0
37549.6 23275.5 0
37583.9 23289.9 0
37618.1 23304.3 0
37652.4 23318.5 0
37686.6 23332.8 0
37720.8 23347 0
37755 23361.1 0
37789.2 23375.2 0
37823.4 23389.3 0
37857.6 23403.3 0
37891.8 23417.3 0
37925.9 23431.2 0
37960 23445 0
37994.1 23458.9 0
38028.2 23472.7 0
38062.3 23486.4 0
38096.3 23500.1 0
38130.4 23513.7 0
38164.4 23527.3 0
38198.3 23540.9 0
38232.3 23554.4 0
38266.2 23567.8 0
38300 23581.2 0
38333.9 23594.6 0
38367.7 23607.9 0
38401.5 23621.2 0
38435.2 23634.4 0
38468.9 23647.6 0
38502.6 23660.7 0
38536.2 23673.8 0
38569.8 23686.9 0
38603.3 23699.9 0
38636.8 23712.8 0
38670.2 23725.7 0
38703.6 23738.6 0
38736.9 23751.4 0
38770.2 23764.2 0
38803.5 23776.9 0
38836.7 23789.6 0
38869.8 23802.3 0
38902.8 23814.9 0
38935.9 23827.4 0
38968.8 23839.9 0
39001.7 23852.4 0
39034.5 23864.8 0
39067.3 23877.2 0
39100 23889.5 0
39132.6 23901.8 0
39165.2 23914.1 0
39197.6 23926.3 0
39230.1 23938.4 0
39262.4 23950.5 0
39294.7 23962.6 0
39326.9 23974.6 0
39359 23986.6 0
39391 23998.5 0
39422.9 24010.4 0
39454.8 24022.3 0
39486.6 24034.1 0
39518.3 24045.8 0
39549.9 24057.5 0
39581.4 24069.2 0
39612.9 24080.8 0
39644.2 24092.4 0
39675.4 24103.9 0
39706.6 24115.4 0
39737.7 24126.9 0
39768.6 24138.3 0
39799.5 24149.7 0
39830.2 24161 0
39860.9 24172.2 0
39891.4 24183.5 0
39921.9 24194.7 0
39952.2 24205.8 0
39982.4 24216.9 0
40012.5 24228 0
40042.5 24239 0
40072.4 24249.9 0
40102.2 24260.9 0
40131.9 24271.8 0
40161.4 24282.6 0
40190.8 24293.4 0
40220.1 24304.1 0
40249.3 24314.8 0
40278.3 24325.5 0
40307.2 24336.1 0
40336 24346.7 0
40364.7 24357.2 0
40393.2 24367.7 0
40421.6 24378.2 0
40449.8 24388.6 0
40477.8 24398.9 0
40505.6 24409.2 0
40533.3 24419.5 0
40560.8 24429.7 0
40588.1 24439.9 0
40615.3 24450.1 0
40642.3 24460.1 0
40669.1 24470.2 0
40695.8 24480.2 0
40722.3 24490.2 0
40748.7 24500.1 0
40774.8 24510 0
40800.9 24519.8 0
40826.8 24529.6 0
40852.5 24539.4 0
40878 24549.1 0
40903.5 24558.8 0
40928.7 24568.4 0
40953.9 24578 0
40978.8 24587.5 0
41003.7 24597.1 0
41028.3 24606.5 0
41052.9 24616 0
41077.3 24625.3 0
41101.6 24634.7 0
41125.7 24644 0
41149.7 24653.3 0
41173.6 24662.5 0
41197.3 24671.7 0
41220.9 24680.8 0
41244.4 24690 0
41267.7 24699 0
41290.9 24708.1 0
41314 24717 0
41337 24726 0
41359.8 24734.9 0
41382.5 24743.8 0
41405.2 24752.6 0
41427.6 24761.4 0
41450 24770.2 0
41472.3 24778.9 0
41494.4 24787.5 0
41516.5 24796.2 0
41538.4 24804.8 0
41560.3 24813.3 0
41582 24821.8 0
41603.6 24830.3 0
41625.1 24838.8 0
41646.5 24847.2 0
41667.9 24855.5 0
41689.1 24863.8 0
41710.2 24872.1 0
41731.3 24880.4 0
41752.2 24888.6 0
41773.1 24896.7 0
41793.8 24904.8 0
41814.5 24912.9 0
41835.1 24921 0
41855.6 24929 0
41876 24937 0
41896.4 24944.9 0
41916.7 24952.8 0
41936.8 24960.6 0
41957 24968.4 0
41977 24976.2 0
41997 24983.9 0
42016.9 24991.6 0
42036.7 24999.3 0
42056.5 25006.9 0
42076.2 25014.5 0
42095.8 25022 0
42115.4 25029.5 0
42134.9 25037 0
42154.3 25044.4 0
42173.7 25051.8 0
42193.1 25059.2 0
42212.4 25066.5 0
42231.6 25073.7 0
42250.8 25081 0
42269.9 25088.2 0
42289 25095.3 0
42308.1 25102.4 0
42327.1 25109.5 0
42346 25116.5 0
42364.9 25123.5 0
42383.8 25130.5 0
42402.7 25137.4 0
42421.5 25144.3 0
42440.3 25151.1 0
42459 25157.9 0
42477.7 25164.7 0
42496.4 25171.4 0
42515.1 25178.1 0
42533.7 25184.8 0
42552.3 25191.4 0
42570.9 25198 0
42589.5 25204.5 0
42608 25211 0
42626.6 25217.4 0
42645.1 25223.8 0
42663.6 25230.2 0
42682.1 25236.6 0
42700.6 25242.9 0
42719.1 25249.1 0
42737.6 25255.3 0
42756.1 25261.5 0
42774.6 25267.6 0
42793 25273.7 0
42811.5 25279.8 0
42830 25285.8 0
42848.5 25291.8 0
42867 25297.7 0
42885.5 25303.6 0
42904 25309.5 0
42922.5 25315.3 0
42941.1 25321.1 0
42959.7 25326.9 0
42978.2 25332.6 0
42996.8 25338.2 0
43015.5 25343.8 0
43034.1 25349.4 0
43052.8 25355 0
43071.5 25360.5 0
43090.2 25365.9 0
43109 25371.3 0
43127.8 25376.7 0
43146.6 25382.1 0
43165.5 25387.4 0
43184.4 25392.6 0
43203.3 25397.8 0
43222.3 25403 0
43241.3 25408.1 0
43260.4 25413.2 0
43279.5 25418.3 0
43298.7 25423.3 0
43317.9 25428.3 0
43337.2 25433.2 0
43356.6 25438.1 0
43376 25442.9 0
43395.4 25447.7 0
43414.9 25452.5 0
43434.5 25457.2 0
43454.2 25461.9 0
43473.9 25466.5 0
43493.7 25471.1 0
43513.5 25475.7 0
43533.4 25480.2 0
43553.4 25484.7 0
43573.5 25489.1 0
43593.7 25493.5 0
43613.9 25497.8 0
43634.2 25502.1 0
43654.6 25506.4 0
43675.1 25510.6 0
43695.7 25514.8 0
43716.4 25518.9 0
43737.2 25523 0
43758 25527 0
43779 25531 0
43800.1 25535 0
43821.3 25538.9 0
43842.6 25542.9 0
43864.1 25546.8 0
43885.6 25550.7 0
43907.3 25554.6 0
43929.1 25558.4 0
43951 25562.3 0
43973 25566.1 0
43995.1 25569.9 0
44017.4 25573.7 0
44039.7 25577.5 0
44062.2 25581.2 0
44084.7 25585 0
44107.4 25588.7 0
44130.1 25592.4 0
44153 25596.1 0
44175.9 25599.7 0
44199 25603.4 0
44222.1 25607 0
44245.4 25610.6 0
44268.7 25614.2 0
44292.1 25617.8 0
44315.6 25621.3 0
44339.2 25624.9 0
44362.9 25628.4 0
44386.7 25631.9 0
44410.5 25635.4 0
44434.5 25638.9 0
44458.5 25642.3 0
44482.6 25645.8 0
44506.8 25649.2 0
44531 25652.6 0
44555.3 25656 0
44579.7 25659.4 0
44604.2 25662.8 0
44628.7 25666.1 0
44653.4 25669.5 0
44678 25672.8 0
44702.8 25676.1 0
44727.6 25679.4 0
44752.5 25682.7 0
44777.4 25686 0
44802.4 25689.2 0
44827.4 25692.5 0
44852.5 25695.7 0
44877.7 25698.9 0
44902.9 25702.1 0
44928.2 25705.3 0
44953.5 25708.4 0
44978.8 25711.6 0
45004.2 25714.7 0
45029.7 25717.9 0
45055.2 25721 0
45080.7 25724.1 0
45106.3 25727.2 0
45131.9 25730.3 0
45157.6 25733.3 0
45183.3 25736.4 0
45209 25739.4 0
45234.8 25742.4 0
45260.6 25745.4 0
45286.4 25748.4 0
45312.3 25751.4 0
45338.1 25754.4 0
45364 25757.4 0
45390 25760.3 0
45415.9 25763.3 0
45441.9 25766.2 0
45467.9 25769.1 0
45493.9 25772 0
45519.9 25774.9 0
45545.9 25777.8 0
45571.9 25780.6 0
45598 25783.5 0
45624 25786.3 0
45650.1 25789.2 0
45676.2 25792 0
45702.2 25794.8 0
45728.3 25797.6 0
45754.4 25800.4 0
45780.4 25803.1 0
45806.5 25805.9 0
45832.6 25808.7 0
45858.6 25811.4 0
45884.7 25814.1 0
45910.7 25816.8 0
45936.7 25819.5 0
45962.7 25822.2 0
45988.7 25824.9 0
46014.6 25827.6 0
46040.6 25830.2 0
46066.5 25832.9 0
46092.4 25835.5 0
46118.3 25838.2 0
46144.1 25840.8 0
46170 25843.4 0
46195.7 25846 0
46221.5 25848.6 0
46247.2 25851.1 0
46272.9 25853.7 0
46298.6 25856.2 0
46324.2 25858.8 0
46349.7 25861.3 0
46375.2 25863.8 0
46400.7 25866.3 0
46426.1 25868.8 0
46451.5 25871.3 0
46476.8 25873.8 0
46502.1 25876.2 0
46527.3 25878.7 0
46552.5 25881.1 0
46577.6 25883.6 0
46602.6 25886 0
46627.6 25888.4 0
46652.5 25890.8 0
46677.4 25893.2 0
46702.1 25895.5 0
46726.8 25897.9 0
46751.5 25900.3 0
46776 25902.6 0
46800.5 25904.9 0
46824.9 25907.2 0
46849.2 25909.6 0
46873.5 25911.8 0
46897.6 25914.1 0
46921.7 25916.4 0
46945.7 25918.7 0
46969.6 25920.9 0
46993.4 25923.2 0
47017.1 25925.4 0
47040.7 25927.6 0
47064.2 25929.8 0
47087.6 25932 0
47110.9 25934.2 0
47134.1 25936.4 0
47157.2 25938.6 0
47180.2 25940.7 0
47203 25942.9 0
47225.8 25945 0
47248.4 25947.1 0
47271 25949.2 0
47293.4 25951.3 0
47315.6 25953.4 0
47337.8 25955.5 0
47359.8 25957.5 0
47381.7 25959.6 0
47403.5 25961.6 0
47425.1 25963.6 0
47446.6 25965.6 0
47467.8 25967.6 0
47488.9 25969.6 0
47509.9 25971.6 0
47530.7 25973.5 0
47551.3 25975.5 0
47571.8 25977.4 0
47592.1 25979.4 0
47612.2 25981.3 0
47632.2 25983.2 0
47652 25985 0
47671.7 25986.9 0
47691.3 25988.8 0
47710.7 25990.6 0
47729.9 25992.5 0
47749 25994.3 0
47768 25996.1 0
47786.8 25997.9 0
47805.5 25999.7 0
47824 26001.4 0
47842.4 26003.2 0
47860.7 26004.9 0
47878.8 26006.6 0
47896.8 26008.4 0
47914.7 26010.1 0
47932.5 26011.7 0
47950.1 26013.4 0
47967.6 26015.1 0
47985 26016.7 0
48002.3 26018.3 0
48019.5 26020 0
48036.5 26021.6 0
48053.4 26023.2 0
48070.2 26024.7 0
48087 26026.3 0
48103.6 26027.8 0
48120 26029.4 0
48136.4 26030.9 0
48152.7 26032.4 0
48168.9 26033.9 0
48185 26035.3 0
48201 26036.8 0
48216.9 26038.2 0
48232.7 26039.7 0
48248.4 26041.1 0
48264.1 26042.5 0
48279.6 26043.9 0
48295.1 26045.2 0
48310.4 26046.6 0
48325.7 26047.9 0
48341 26049.2 0
48356.1 26050.5 0
48371.2 26051.8 0
48386.2 26053.1 0
48401.1 26054.3 0
48415.9 26055.6 0
48430.7 26056.8 0
48445.4 26058 0
48460.1 26059.2 0
48474.7 26060.4 0
48489.3 26061.5 0
48503.7 26062.7 0
48518.2 26063.8 0
48532.6 26064.9 0
48546.9 26066 0
48561.2 26067.1 0
48575.4 26068.1 0
48589.6 26069.2 0
48603.7 26070.2 0
48617.8 26071.2 0
48631.9 26072.2 0
48646 26073.2 0
48660 26074.1 0
48673.9 26075 0
48687.9 26076 0
48701.8 26076.9 0
48715.7 26077.7 0
48729.5 26078.6 0
48743.4 26079.5 0
48757.2 26080.3 0
48771 26081.1 0
48784.8 26081.9 0
48798.6 26082.7 0
48812.4 26083.4 0
48826.2 26084.1 0
48839.9 26084.9 0
48853.7 26085.5 0
48867.4 26086.2 0
48881.2 26086.9 0
48895 26087.5 0
48908.7 26088.1 0
48922.5 26088.7 0
48936.3 26089.3 0
48950.1 26089.9 0
48963.9 26090.4 0
48977.8 26090.9 0
48991.6 26091.4 0
49005.5 26091.9 0
49019.4 26092.4 0
49033.3 26092.8 0
49047.2 26093.2 0
49061.2 26093.6 0
49075.2 26094 0
49089.3 26094.4 0
49103.4 26094.7 0
49117.5 26095 0
49131.7 26095.3 0
49145.9 26095.6 0
49160.2 26095.9 0
49174.5 26096.1 0
49188.9 26096.3 0
49203.3 26096.5 0
49217.8 26096.7 0
49232.3 26096.8 0
49246.9 26096.9 0
49261.6 26097 0
49276.3 26097.1 0
49291.1 26097.2 0
49306 26097.2 0
49320.9 26097.2 0
49335.9 26097.2 0
49351 26097.2 0
49366.2 26097.1 0
49381.5 26097.1 0
49396.8 26097 0
49412.3 26096.8 0
49427.8 26096.7 0
49443.4 26096.5 0
49459.2 26096.3 0
49475 26096.1 0
49490.9 26095.9 0
49507 26095.6 0
49523.1 26095.4 0
49539.3 26095.1 0
49555.7 26094.7 0
49572.2 26094.4 0
49588.8 26094 0
49605.5 26093.6 0
49622.3 26093.2 0
49639.3 26092.8 0
49656.4 26092.4 0
49673.7 26092 0
49691.1 26091.7 0
49708.7 26091.4 0
49726.4 26091.1 0
49744.2 26090.8 0
49762.1 26090.5 0
49780.2 26090.2 0
49798.4 26090 0
49816.8 26089.7 0
49835.2 26089.5 0
49853.8 26089.3 0
49872.6 26089.1 0
49891.4 26088.9 0
49910.3 26088.8 0
49929.4 26088.7 0
49948.6 26088.5 0
49967.9 26088.4 0
49987.3 26088.3 0
50006.8 26088.2 0
50026.5 26088.2 0
50046.2 26088.1 0
50066 26088.1 0
50086 26088.1 0
50106 26088.1 0
50126.2 26088.1 0
50146.4 26088.1 0
50166.7 26088.2 0
50187.2 26088.2 0
50207.7 26088.3 0
50228.3 26088.4 0
50249 26088.5 0
50269.8 26088.6 0
50290.6 26088.7 0
50311.6 26088.9 0
50332.6 26089 0
50353.7 26089.2 0
50374.9 26089.4 0
50396.1 26089.6 0
50417.4 26089.8 0
50438.8 26090 0
50460.3 26090.3 0
50481.8 26090.5 0
50503.4 26090.8 0
50525 26091.1 0
50546.7 26091.4 0
50568.5 26091.7 0
50590.3 26092 0
50612.2 26092.3 0
50634.1 26092.7 0
50656.1 26093 0
50678.1 26093.4 0
50700.2 26093.8 0
50722.3 26094.2 0
50744.4 26094.6 0
50766.6 26095 0
50788.8 26095.5 0
50811.1 26095.9 0
50833.4 26096.4 0
50855.7 26096.9 0
50878 26097.3 0
50900.4 26097.8 0
50922.8 26098.4 0
50945.2 26098.9 0
50967.7 26099.4 0
50990.1 26100 0
51012.6 26100.5 0
51035.1 26101.1 0
51057.5 26101.7 0
51080 26102.3 0
51102.5 26102.9 0
51125 26103.5 0
51147.6 26104.1 0
51170.1 26104.8 0
51192.6 26105.4 0
51215.1 26106.1 0
51237.5 26106.7 0
51260 26107.4 0
51282.5 26108.1 0
51304.9 26108.8 0
51327.4 26109.5 0
51349.8 26110.2 0
51372.2 26111 0
51394.5 26111.7 0
51416.9 26112.5 0
51439.2 26113.2 0
51461.4 26114 0
51483.7 26114.8 0
51505.9 26115.6 0
51528.1 26116.4 0
51550.2 26117.2 0
51572.3 26118 0
51594.3 26118.8 0
51616.3 26119.7 0
51638.2 26120.5 0
51660.1 26121.4 0
51681.9 26122.3 0
51703.7 26123.1 0
51725.4 26124 0
51747 26124.9 0
51768.6 26125.8 0
51790.1 26126.7 0
51811.5 26127.6 0
51832.9 26128.5 0
51854.2 26129.5 0
51875.4 26130.4 0
51896.5 26131.3 0
51917.5 26132.3 0
51938.4 26133.3 0
51959.3 26134.2 0
51980.1 26135.2 0
52000.7 26136.2 0
52021.3 26137.2 0
52041.8 26138.2 0
52062.1 26139.2 0
52082.4 26140.2 0
52102.5 26141.2 0
52122.6 26142.2 0
52142.5 26143.2 0
52162.3 26144.3 0
52182 26145.3 0
52201.5 26146.4 0
52221 26147.4 0
52240.3 26148.5 0
52259.4 26149.6 0
52278.5 26150.6 0
52297.4 26151.7 0
52316.1 26152.8 0
52334.8 26153.9 0
52353.2 26155 0
52371.6 26156.1 0
52389.7 26157.2 0
52407.7 26158.3 0
52425.5 26159.4 0
52443.1 26160.5 0
52460.5 26161.6 0
52477.7 26162.8 0
52494.7 26163.9 0
52511.6 26165 0
52528.3 26166.2 0
52544.9 26167.3 0
52561.2 26168.5 0
52577.4 26169.7 0
52593.4 26170.8 0
52609.3 26172 0
52625 26173.2 0
52640.6 26174.3 0
52655.9 26175.5 0
52671.2 26176.7 0
52686.3 26177.9 0
52701.2 26179.1 0
52716 26180.3 0
52730.6 26181.4 0
52745.1 26182.6 0
52759.5 26183.8 0
52773.7 26185.1 0
52787.8 26186.3 0
52801.8 26187.5 0
52815.6 26188.7 0
52829.3 26189.9 0
52842.8 26191.1 0
52856.3 26192.4 0
52869.6 26193.6 0
52882.8 26194.8 0
52895.9 26196 0
52908.9 26197.3 0
52921.7 26198.5 0
52934.5 26199.8 0
52947.1 26201 0
52959.7 26202.2 0
52972.1 26203.5 0
52984.5 26204.7 0
52996.7 26206 0
53008.9 26207.2 0
53020.9 26208.5 0
53032.9 26209.7 0
53044.8 26211 0
53056.6 26212.3 0
53068.3 26213.5 0
53079.9 26214.8 0
53091.5 26216 0
53103 26217.3 0
53114.4 26218.6 0
53125.7 26219.9 0
53137 26221.1 0
53148.2 26222.4 0
53159.4 26223.7 0
53170.5 26224.9 0
53181.5 26226.2 0
53192.5 26227.5 0
53203.5 26228.8 0
53214.4 26230 0
53225.2 26231.3 0
53236 26232.6 0
53246.8 26233.9 0
53257.5 26235.2 0
53268.2 26236.4 0
53278.9 26237.7 0
53289.5 26239 0
53300.1 26240.3 0
53310.7 26241.6 0
53321.3 26242.9 0
53331.8 26244.1 0
53342.4 26245.4 0
53352.9 26246.7 0
53363.4 26248 0
53373.9 26249.3 0
53384.4 26250.6 0
53394.9 26251.9 0
53405.4 26253.1 0
53415.9 26254.4 0
53426.4 26255.7 0
53437 26257 0
53447.5 26258.3 0
53458.1 26259.6 0
53468.7 26260.9 0
53479.3 26262.2 0
53489.9 26263.4 0
53500.6 26264.7 0
53511.3 26266 0
53522 26267.3 0
53532.8 26268.6 0
53543.6 26269.9 0
53554.4 26271.2 0
53565.3 26272.5 0
53576.2 26273.8 0
53587.2 26275.1 0
53598.3 26276.3 0
53609.4 26277.6 0
53620.6 26278.9 0
53631.8 26280.2 0
53643.1 26281.5 0
53654.5 26282.8 0
53666 26284.1 0
53677.5 26285.4 0
53689.1 26286.7 0
53700.8 26288 0
53712.6 26289.2 0
53724.5 26290.5 0
53736.4 26291.8 0
53748.5 26293.1 0
53760.7 26294.4 0
53773 26295.7 0
53785.3 26297 0
53797.8 26298.3 0
53810.4 26299.6 0
53823.1 26300.9 0
53836 26302.2 0
53848.9 26303.5 0
53862 26304.7 0
53875.2 26306 0
53888.6 26307.3 0
53902.1 26308.6 0
53915.7 26309.9 0
53929.5 26311.2 0
53943.4 26312.5 0
53957.5 26313.8 0
53971.7 26315.1 0
53986.1 26316.4 0
54000.6 26317.8 0
54015.4 26319.1 0
54030.3 26320.5 0
54045.4 26321.9 0
54060.6 26323.4 0
54076.1 26324.8 0
54091.7 26326.3 0
54107.4 26327.8 0
54123.3 26329.3 0
54139.4 26330.9 0
54155.6 26332.5 0
54172 26334.1 0
54188.6 26335.7 0
54205.2 26337.4 0
54222.1 26339.1 0
54239.1 26340.8 0
54256.2 26342.5 0
54273.4 26344.2 0
54290.8 26346 0
54308.4 26347.8 0
54326 26349.6 0
54343.8 26351.5 0
54361.7 26353.3 0
54379.8 26355.2 0
54398 26357.1 0
54416.3 26359.1 0
54434.7 26361 0
54453.2 26363 0
54471.8 26365 0
54490.6 26367 0
54509.4 26369.1 0
54528.4 26371.1 0
54547.4 26373.2 0
54566.6 26375.3 0
54585.8 26377.4 0
54605.2 26379.6 0
54624.6 26381.8 0
54644.2 26384 0
54663.8 26386.2 0
54683.5 26388.4 0
54703.2 26390.7 0
54723.1 26392.9 0
54743 26395.2 0
54763.1 26397.5 0
54783.1 26399.9 0
54803.3 26402.2 0
54823.5 26404.6 0
54843.8 26407 0
54864.1 26409.4 0
54884.5 26411.9 0
54904.9 26414.3 0
54925.4 26416.8 0
54946 26419.3 0
54966.5 26421.8 0
54987.2 26424.3 0
55007.8 26426.9 0
55028.6 26429.5 0
55049.3 26432.1 0
55070.1 26434.7 0
55090.9 26437.3 0
55111.7 26439.9 0
55132.5 26442.6 0
55153.4 26445.3 0
55174.3 26448 0
55195.2 26450.7 0
55216.1 26453.4 0
55237 26456.2 0
55257.9 26459 0
55278.8 26461.8 0
55299.7 26464.6 0
55320.7 26467.4 0
55341.6 26470.2 0
55362.5 26473.1 0
55383.3 26476 0
55404.2 26478.9 0
55425 26481.8 0
55445.9 26484.7 0
55466.7 26487.7 0
55487.4 26490.6 0
55508.2 26493.6 0
55528.8 26496.6 0
55549.5 26499.6 0
55570.1 26502.6 0
55590.7 26505.7 0
55611.2 26508.7 0
55631.7 26511.8 0
55652.1 26514.9 0
55672.4 26518 0
55692.7 26521.2 0
55712.9 26524.3 0
55733.1 26527.5 0
55753.2 26530.7 0
55773.2 26533.8 0
55793.1 26537.1 0
55812.9 26540.3 0
55832.7 26543.5 0
55852.4 26546.8 0
55872 26550.1 0
55891.4 26553.3 0
55910.8 26556.7 0
55930.1 26560 0
55949.3 26563.3 0
55968.3 26566.7 0
55987.3 26570 0
56006.1 26573.4 0
56024.8 26576.8 0
56043.4 26580.2 0
56061.9 26583.7 0
56080.2 26587.1 0
56098.4 26590.6 0
56116.4 26594 0
56134.3 26597.5 0
56152.1 26601 0
56169.7 26604.6 0
56187.2 26608.1 0
56204.5 26611.7 0
56221.6 26615.2 0
56238.6 26618.8 0
56255.4 26622.4 0
56272 26626 0
56288.5 26629.6 0
56304.8 26633.3 0
56320.9 26636.9 0
56336.7 26640.6 0
56352.3 26644.3 0
56367.8 26648 0
56383 26651.7 0
56397.9 26655.5 0
56412.7 26659.2 0
56427.3 26663 0
56441.7 26666.8 0
56455.9 26670.6 0
56469.8 26674.4 0
56483.6 26678.2 0
56497.2 26682 0
56510.6 26685.9 0
56523.9 26689.8 0
56536.9 26693.7 0
56549.8 26697.6 0
56562.4 26701.5 0
56575 26705.4 0
56587.3 26709.4 0
56599.5 26713.3 0
56611.5 26717.3 0
56623.3 26721.3 0
56635 26725.3 0
56646.6 26729.3 0
56658 26733.4 0
56669.2 26737.4 0
56680.3 26741.5 0
56691.2 26745.6 0
56702.1 26749.7 0
56712.7 26753.8 0
56723.3 26758 0
56733.7 26762.1 0
56744 26766.3 0
56754.1 26770.5 0
56764.2 26774.7 0
56774.1 26778.9 0
56783.9 26783.1 0
56793.6 26787.4 0
56803.2 26791.6 0
56812.7 26795.9 0
56822.1 26800.2 0
56831.4 26804.5 0
56840.6 26808.9 0
56849.7 26813.2 0
56858.7 26817.6 0
56867.6 26822 0
56876.5 26826.4 0
56885.3 26830.8 0
56894 26835.2 0
56902.6 26839.7 0
56911.2 26844.2 0
56919.7 26848.7 0
56928.1 26853.2 0
56936.5 26857.7 0
56944.9 26862.2 0
56953.1 26866.8 0
56961.4 26871.4 0
56969.6 26876 0
56977.7 26880.6 0
56985.9 26885.2 0
56993.9 26889.9 0
57002 26894.5 0
57010 26899.2 0
57018.1 26903.9 0
57026.1 26908.7 0
57034.1 26913.4 0
57042 26918.2 0
57050 26922.9 0
57058 26927.7 0
57065.9 26932.5 0
57073.9 26937.4 0
57081.9 26942.2 0
57089.9 26947.1 0
57097.9 26952 0
57105.9 26956.9 0
57114 26961.8 0
57122.1 26966.8 0
57130.2 26971.7 0
57138.3 26976.7 0
57146.5 26981.7 0
57154.7 26986.7 0
57162.9 26991.8 0
57171.2 26996.8 0
57179.6 27001.9 0
57188 27007 0
57196.5 27012.1 0
57205 27017.3 0
57213.6 27022.4 0
57222.2 27027.6 0
57230.9 27032.8 0
57239.7 27038 0
57248.6 27043.2 0
57257.5 27048.5 0
57266.5 27053.8 0
57275.7 27059.1 0
57284.9 27064.4 0
57294.2 27069.7 0
57303.6 27075.1 0
57313.1 27080.4 0
57322.6 27085.8 0
57332.3 27091.2 0
57342.2 27096.7 0
57352.1 27102.1 0
57362.1 27107.6 0
57372.3 27113.1 0
57382.5 27118.6 0
57392.9 27124.2 0
57403.5 27129.7 0
57414.1 27135.3 0
57424.9 27140.9 0
57435.9 27146.5 0
57446.9 27152.2 0
57458.2 27157.9 0
57469.5 27163.5 0
57481 27169.3 0
57492.7 27175 0
57504.5 27180.8 0
57516.5 27186.5 0
57528.7 27192.3 0
57541 27198.1 0
57553.5 27204 0
57566.2 27209.8 0
57579.1 27215.6 0
57592.1 27221.5 0
57605.3 27227.4 0
57618.6 27233.2 0
57632.1 27239.1 0
57645.7 27245 0
57659.5 27250.9 0
57673.5 27256.8 0
57687.5 27262.8 0
57701.7 27268.7 0
57716.1 27274.7 0
57730.6 27280.6 0
57745.2 27286.6 0
57759.9 27292.6 0
57774.8 27298.6 0
57789.8 27304.6 0
57804.8 27310.6 0
57820 27316.6 0
57835.4 27322.6 0
57850.8 27328.7 0
57866.3 27334.7 0
57881.9 27340.8 0
57897.6 27346.8 0
57913.4 27352.9 0
57929.3 27359 0
57945.3 27365.1 0
57961.4 27371.1 0
57977.5 27377.3 0
57993.7 27383.4 0
58010 27389.5 0
58026.4 27395.6 0
58042.8 27401.7 0
58059.3 27407.9 0
58075.8 27414 0
58092.5 27420.2 0
58109.1 27426.3 0
58125.8 27432.5 0
58142.6 27438.7 0
58159.4 27444.9 0
58176.3 27451.1 0
58193.2 27457.3 0
58210.1 27463.5 0
58227.1 27469.7 0
58244 27475.9 0
58261.1 27482.1 0
58278.1 27488.3 0
58295.2 27494.6 0
58312.3 27500.8 0
58329.3 27507.1 0
58346.5 27513.3 0
58363.6 27519.6 0
58380.7 27525.9 0
58397.8 27532.1 0
58414.9 27538.4 0
58432.1 27544.7 0
58449.2 27551 0
58466.3 27557.3 0
58483.4 27563.6 0
58500.5 27569.9 0
58517.5 27576.2 0
58534.6 27582.5 0
58551.6 27588.8 0
58568.6 27595.2 0
58585.6 27601.5 0
58602.5 27607.9 0
58619.4 27614.2 0
58636.2 27620.6 0
58653.1 27626.9 0
58669.8 27633.3 0
58686.6 27639.6 0
58703.2 27646 0
58719.9 27652.4 0
58736.4 27658.8 0
58753 27665.2 0
58769.4 27671.6 0
58785.8 27678 0
58802.1 27684.4 0
58818.4 27690.8 0
58834.6 27697.2 0
58850.7 27703.6 0
58866.7 27710 0
58882.7 27716.5 0
58898.5 27722.9 0
58914.3 27729.4 0
58930 27735.8 0
58945.6 27742.3 0
58961.1 27748.7 0
58976.5 27755.2 0
58991.8 27761.6 0
59007 27768.1 0
59022.2 27774.6 0
59037.2 27781.1 0
59052 27787.6 0
59066.8 27794.1 0
59081.5 27800.6 0
59096 27807.1 0
59110.5 27813.6 0
59124.8 27820.1 0
59138.9 27826.6 0
59153 27833.2 0
59166.9 27839.7 0
59180.7 27846.2 0
59194.3 27852.8 0
59207.8 27859.3 0
59221.2 27865.9 0
59234.4 27872.5 0
59247.5 27879 0
59260.4 27885.6 0
59273.2 27892.2 0
59285.8 27898.8 0
59298.3 27905.4 0
59310.6 27912 0
59322.7 27918.6 0
59334.6 27925.2 0
59346.4 27931.8 0
59357.9 27938.4 0
59369.3 27945 0
59380.5 27951.7 0
59391.6 27958.3 0
59402.5 27965 0
59413.2 27971.6 0
59423.7 27978.3 0
59434.1 27985 0
59444.4 27991.6 0
59454.5 27998.3 0
59464.4 28005 0
59474.2 28011.7 0
59483.8 28018.4 0
59493.3 28025.1 0
59502.7 28031.8 0
59512 28038.5 0
59521.1 28045.3 0
59530 28052 0
59538.9 28058.8 0
59547.6 28065.5 0
59556.3 28072.3 0
59564.8 28079 0
59573.1 28085.8 0
59581.4 28092.6 0
59589.6 28099.4 0
59597.7 28106.2 0
59605.6 28113 0
59613.5 28119.8 0
59621.3 28126.6 0
59629 28133.5 0
59636.5 28140.3 0
59644.1 28147.2 0
59651.5 28154 0
59658.8 28160.9 0
59666.1 28167.8 0
59673.3 28174.7 0
59680.4 28181.6 0
59687.5 28188.5 0
59694.4 28195.4 0
59701.4 28202.3 0
59708.2 28209.2 0
59715 28216.2 0
59721.8 28223.1 0
59728.5 28230.1 0
59735.1 28237 0
59741.7 28244 0
59748.3 28251 0
59754.8 28258 0
59761.3 28265 0
59767.7 28272 0
59774.1 28279.1 0
59780.5 28286.1 0
59786.9 28293.2 0
59793.2 28300.2 0
59799.5 28307.3 0
59805.8 28314.4 0
59812.1 28321.5 0
59818.3 28328.6 0
59824.6 28335.7 0
59830.8 28342.8 0
59837.1 28350 0
59843.3 28357.1 0
59849.5 28364.3 0
59855.8 28371.4 0
59862 28378.6 0
59868.3 28385.8 0
59874.5 28393 0
59880.8 28400.3 0
59887.1 28407.5 0
59893.4 28414.8 0
59899.7 28422 0
59906.1 28429.3 0
59912.5 28436.6 0
59918.9 28443.9 0
59925.3 28451.2 0
59931.8 28458.5 0
59938.3 28465.9 0
59944.8 28473.2 0
59951.4 28480.6 0
59958 28488 0
59964.7 28495.4 0
59971.4 28502.8 0
59978.2 28510.2 0
59985 28517.6 0
59991.9 28525.1 0
59998.9 28532.6 0
60005.9 28540 0
60012.9 28547.5 0
60020.1 28555 0
60027.3 28562.6 0
60034.5 28570.1 0
60041.9 28577.7 0
60049.3 28585.3 0
60056.8 28592.8 0
60064.4 28600.4 0
60072.1 28608.1 0
60079.8 28615.7 0
60087.7 28623.4 0
60095.6 28631 0
60103.6 28638.7 0
60111.7 28646.4 0
60119.9 28654.1 0
60128.2 28661.9 0
60136.7 28669.6 0
60145.2 28677.4 0
60153.8 28685.2 0
60162.5 28693 0
60171.4 28700.8 0
60180.3 28708.7 0
60189.4 28716.5 0
60198.6 28724.4 0
60207.9 28732.2 0
60217.4 28740 0
60227 28747.9 0
60236.7 28755.7 0
60246.5 28763.5 0
60256.4 28771.2 0
60266.5 28779 0
60276.6 28786.8 0
60286.9 28794.5 0
60297.3 28802.2 0
60307.7 28809.9 0
60318.3 28817.7 0
60329 28825.3 0
60339.7 28833 0
60350.6 28840.7 0
60361.6 28848.3 0
60372.6 28856 0
60383.7 28863.6 0
60394.9 28871.2 0
60406.2 28878.8 0
60417.6 28886.4 0
60429.1 28894 0
60440.6 28901.6 0
60452.2 28909.1 0
60463.8 28916.7 0
60475.6 28924.2 0
60487.3 28931.7 0
60499.2 28939.2 0
60511.1 28946.7 0
60523.1 28954.2 0
60535.1 28961.7 0
60547.2 28969.1 0
60559.3 28976.6 0
60571.5 28984 0
60583.7 28991.5 0
60596 28998.9 0
60608.3 29006.3 0
60620.6 29013.7 0
60633 29021.1 0
60645.4 29028.4 0
60657.8 29035.8 0
60670.3 29043.1 0
60682.8 29050.5 0
60695.3 29057.8 0
60707.9 29065.1 0
60720.4 29072.4 0
60733 29079.7 0
60745.6 29087 0
60758.2 29094.3 0
60770.9 29101.5 0
60783.5 29108.8 0
60796.1 29116 0
60808.8 29123.2 0
60821.4 29130.5 0
60834 29137.7 0
60846.7 29144.9 0
60859.3 29152.1 0
60871.9 29159.3 0
60884.6 29166.4 0
60897.2 29173.6 0
60909.8 29180.7 0
60922.3 29187.9 0
60934.9 29195 0
60947.4 29202.1 0
60960 29209.3 0
60972.5 29216.4 0
60984.9 29223.5 0
60997.4 29230.5 0
61009.8 29237.6 0
61022.1 29244.7 0
61034.5 29251.7 0
61046.8 29258.8 0
61059 29265.8 0
61071.3 29272.9 0
61083.4 29279.9 0
61095.6 29286.9 0
61107.6 29293.9 0
61119.7 29300.9 0
61131.7 29307.9 0
61143.6 29314.9 0
61155.5 29321.9 0
61167.3 29328.9 0
61179 29335.8 0
61190.7 29342.8 0
61202.3 29349.7 0
61213.9 29356.7 0
61225.4 29363.6 0
61236.8 29370.5 0
61248.1 29377.4 0
61259.4 29384.4 0
61270.6 29391.3 0
61281.7 29398.2 0
61292.8 29405.1 0
61303.7 29411.9 0
61314.6 29418.8 0
61325.3 29425.7 0
61336 29432.6 0
61346.6 29439.4 0
61357.1 29446.3 0
61367.6 29453.1 0
61377.9 29460 0
61388.1 29466.8 0
61398.2 29473.6 0
61408.2 29480.4 0
61418.1 29487.3 0
61427.9 29494.1 0
61437.6 29500.9 0
61447.2 29507.7 0
61456.7 29514.5 0
61466 29521.3 0
61475.3 29528.1 0
61484.4 29534.9 0
61493.3 29541.6 0
61502.2 29548.4 0
61510.9 29555.2 0
61519.4 29561.9 0
61527.9 29568.7 0
61536.2 29575.5 0
61544.5 29582.2 0
61552.6 29589 0
61560.6 29595.7 0
61568.4 29602.5 0
61576.2 29609.2 0
61583.9 29615.9 0
61591.4 29622.7 0
61598.9 29629.4 0
61606.2 29636.1 0
61613.5 29642.8 0
61620.7 29649.6 0
61627.7 29656.3 0
61634.7 29663 0
61641.6 29669.7 0
61648.4 29676.4 0
61655.2 29683.1 0
61661.8 29689.8 0
61668.4 29696.5 0
61674.8 29703.2 0
61681.2 29709.9 0
61687.6 29716.6 0
61693.8 29723.3 0
61700 29730 0
61706.2 29736.7 0
61712.2 29743.4 0
61718.2 29750 0
61724.2 29756.7 0
61730.1 29763.4 0
61735.9 29770.1 0
61741.7 29776.8 0
61747.4 29783.5 0
61753.1 29790.1 0
61758.7 29796.8 0
61764.3 29803.5 0
61769.8 29810.2 0
61775.3 29816.9 0
61780.8 29823.5 0
61786.2 29830.2 0
61791.6 29836.9 0
61797 29843.6 0
61802.3 29850.2 0
61807.6 29856.9 0
61812.9 29863.6 0
61818.1 29870.3 0
61823.3 29876.9 0
61828.5 29883.6 0
61833.7 29890.3 0
61838.9 29897 0
61844.1 29903.7 0
61849.2 29910.3 0
61854.4 29917 0
61859.5 29923.7 0
61864.6 29930.4 0
61869.8 29937.1 0
61874.9 29943.8 0
61880 29950.5 0
61885.1 29957.1 0
61890.3 29963.8 0
61895.4 29970.5 0
61900.5 29977.2 0
61905.7 29983.9 0
61910.9 29990.6 0
61916.1 29997.3 0
61921.3 30004 0
61926.5 30010.7 0
61931.7 30017.4 0
61937 30024.1 0
61942.3 30030.8 0
61947.6 30037.6 0
61952.9 30044.3 0
61958.3 30051 0
61963.7 30057.7 0
61969.1 30064.4 0
61974.6 30071.2 0
61980.1 30077.9 0
61985.7 30084.6 0
61991.3 30091.4 0
61996.9 30098.1 0
62002.6 30104.8 0
62008.3 30111.6 0
62014.1 30118.3 0
62019.9 30125.1 0
62025.8 30131.8 0
62031.8 30138.6 0
62037.8 30145.3 0
62043.8 30152.1 0
62049.9 30158.9 0
62056.1 30165.6 0
62062.4 30172.4 0
62068.7 30179.2 0
62075.1 30186 0
62081.5 30192.8 0
62088 30199.6 0
62094.6 30206.4 0
62101.3 30213.2 0
62108.1 30220 0
62114.9 30226.8 0
62121.8 30233.6 0
62128.8 30240.4 0
62135.9 30247.2 0
62143.1 30254 0
62150.3 30260.9 0
62157.7 30267.7 0
62165.1 30274.5 0
62172.7 30281.2 0
62180.3 30287.9 0
62188 30294.7 0
62195.9 30301.3 0
62203.8 30308 0
62211.8 30314.6 0
62219.8 30321.3 0
62228 30327.9 0
62236.2 30334.4 0
62244.5 30341 0
62252.9 30347.5 0
62261.4 30354 0
62269.9 30360.5 0
62278.5 30367 0
62287.2 30373.4 0
62295.9 30379.8 0
62304.7 30386.2 0
62313.6 30392.6 0
62322.5 30398.9 0
62331.5 30405.2 0
62340.5 30411.5 0
62349.6 30417.8 0
62358.8 30424.1 0
62368 30430.3 0
62377.2 30436.6 0
62386.5 30442.8 0
62395.9 30448.9 0
62405.3 30455.1 0
62414.7 30461.2 0
62424.2 30467.4 0
62433.7 30473.5 0
62443.2 30479.5 0
62452.8 30485.6 0
62462.4 30491.6 0
62472 30497.6 0
62481.7 30503.6 0
62491.4 30509.6 0
62501.2 30515.6 0
62510.9 30521.5 0
62520.7 30527.4 0
62530.5 30533.3 0
62540.3 30539.2 0
62550.1 30545.1 0
62560 30550.9 0
62569.8 30556.7 0
62579.7 30562.5 0
62589.6 30568.3 0
62599.5 30574.1 0
62609.4 30579.8 0
62619.3 30585.6 0
62629.2 30591.3 0
62639.1 30597 0
62649 30602.7 0
62658.9 30608.3 0
62668.8 30614 0
62678.7 30619.6 0
62688.6 30625.2 0
62698.5 30630.8 0
62708.3 30636.4 0
62718.2 30641.9 0
62728 30647.5 0
62737.9 30653 0
62747.7 30658.5 0
62757.5 30664 0
62767.2 30669.4 0
62777 30674.9 0
62786.7 30680.3 0
62796.4 30685.7 0
62806.1 30691.1 0
62815.7 30696.5 0
62825.3 30701.9 0
62834.9 30707.3 0
62844.4 30712.6 0
62853.9 30717.9 0
62863.4 30723.2 0
62872.8 30728.5 0
62882.2 30733.8 0
62891.5 30739.1 0
62900.8 30744.3 0
62910.1 30749.5 0
62919.3 30754.8 0
62928.4 30760 0
62937.5 30765.1 0
62946.6 30770.3 0
62955.5 30775.5 0
62964.5 30780.6 0
62973.4 30785.7 0
62982.2 30790.8 0
62990.9 30795.9 0
62999.6 30801 0
63008.2 30806.1 0
63016.8 30811.1 0
63025.3 30816.2 0
63033.7 30821.2 0
63042.1 30826.2 0
63050.3 30831.2 0
63058.5 30836.2 0
63066.7 30841.2 0
63074.7 30846.1 0
63082.7 30851.1 0
63090.6 30856 0
63098.4 30860.9 0
63106.1 30865.8 0
63113.7 30870.7 0
63121.3 30875.6 0
63128.7 30880.4 0
63136.1 30885.3 0
63143.3 30890.1 0
63150.5 30894.9 0
63157.5 30899.7 0
63164.5 30904.5 0
63171.4 30909.3 0
63178.1 30914.1 0
63184.8 30918.8 0
63191.4 30923.5 0
63197.9 30928.3 0
63204.3 30933 0
63210.6 30937.7 0
63216.8 30942.4 0
63223 30947.1 0
63229.1 30951.7 0
63235.1 30956.4 0
63241 30961 0
63246.9 30965.6 0
63252.7 30970.3 0
63258.4 30974.9 0
63264 30979.4 0
63269.6 30984 0
63275.1 30988.6 0
63280.5 30993.1 0
63285.9 30997.7 0
63291.2 31002.2 0
63296.5 31006.7 0
63301.7 31011.2 0
63306.9 31015.7 0
63312 31020.2 0
63317 31024.7 0
63322 31029.1 0
63327 31033.5 0
63331.9 31038 0
63336.8 31042.4 0
63341.6 31046.8 0
63346.4 31051.2 0
63351.1 31055.6 0
63355.8 31059.9 0
63360.5 31064.3 0
63365.1 31068.6 0
63369.7 31073 0
63374.3 31077.3 0
63378.8 31081.6 0
63383.3 31085.9 0
63387.8 31090.2 0
63392.3 31094.4 0
63396.7 31098.7 0
63401.1 31102.9 0
63405.5 31107.2 0
63409.9 31111.4 0
63414.3 31115.6 0
63418.6 31119.8 0
63423 31124 0
63427.3 31128.2 0
63431.6 31132.3 0
63435.9 31136.5 0
63440.3 31140.6 0
63444.6 31144.7 0
63448.9 31148.8 0
63453.2 31152.9 0
63457.5 31157 0
63461.8 31161.1 0
63466.1 31165.1 0
63470.4 31169.2 0
63474.8 31173.2 0
63479.1 31177.2 0
63483.4 31181.2 0
63487.8 31185.2 0
63492.2 31189.2 0
63496.6 31193.2 0
63501 31197.1 0
63505.4 31201.1 0
63509.9 31205 0
63514.4 31208.9 0
63518.9 31212.8 0
63523.4 31216.7 0
63527.9 31220.6 0
63532.5 31224.4 0
63537.1 31228.3 0
63541.8 31232.1 0
63546.5 31235.9 0
63551.2 31239.7 0
63556 31243.5 0
63560.8 31247.3 0
63565.6 31251.1 0
63570.5 31254.8 0
63575.4 31258.5 0
63580.4 31262.3 0
63585.4 31266 0
63590.5 31269.6 0
63595.6 31273.3 0
63600.8 31277 0
63606 31280.6 0
63611.3 31284.2 0
63616.7 31287.9 0
63622.1 31291.4 0
63627.5 31295 0
63633.1 31298.6 0
63638.6 31302.1 0
63644.3 31305.7 0
63650 31309.2 0
63655.8 31312.7 0
63661.7 31316.2 0
63667.6 31319.6 0
63673.7 31323.1 0
63679.8 31326.5 0
63685.9 31329.9 0
63692.2 31333.3 0
63698.5 31336.7 0
63704.9 31340 0
63711.4 31343.3 0
63718 31346.6 0
63724.7 31349.8 0
63731.4 31353.1 0
63738.2 31356.3 0
63745 31359.5 0
63751.9 31362.7 0
63758.9 31365.8 0
63766 31368.9 0
63773.1 31372.1 0
63780.3 31375.1 0
63787.5 31378.2 0
63794.8 31381.2 0
63802.1 31384.2 0
63809.5 31387.2 0
63817 31390.2 0
63824.5 31393.2 0
63832.1 31396.1 0
63839.7 31399 0
63847.3 31401.9 0
63855 31404.7 0
63862.8 31407.6 0
63870.6 31410.4 0
63878.4 31413.2 0
63886.3 31416 0
63894.2 31418.7 0
63902.1 31421.5 0
63910.1 31424.2 0
63918.1 31426.9 0
63926.2 31429.5 0
63934.3 31432.2 0
63942.4 31434.8 0
63950.5 31437.4 0
63958.7 31440 0
63966.8 31442.6 0
63975.1 31445.1 0
63983.3 31447.7 0
63991.5 31450.2 0
63999.8 31452.7 0
64008.1 31455.1 0
64016.4 31457.6 0
64024.7 31460 0
64033 31462.4 0
64041.4 31464.8 0
64049.7 31467.2 0
64058.1 31469.5 0
64066.4 31471.9 0
64074.8 31474.2 0
64083.1 31476.5 0
64091.5 31478.7 0
64099.9 31481 0
64108.2 31483.2 0
64116.6 31485.4 0
64125 31487.6 0
64133.3 31489.8 0
64141.7 31492 0
64150 31494.1 0
64158.3 31496.3 0
64166.6 31498.4 0
64174.9 31500.5 0
64183.2 31502.6 0
64191.5 31504.6 0
64199.7 31506.7 0
64207.9 31508.7 0
64216.1 31510.7 0
64224.3 31512.7 0
64232.5 31514.7 0
64240.6 31516.6 0
64248.7 31518.6 0
64256.8 31520.5 0
64264.8 31522.4 0
64272.8 31524.3 0
64280.8 31526.2 0
64288.7 31528 0
64296.6 31529.9 0
64304.5 31531.7 0
64312.3 31533.5 0
64320.1 31535.3 0
64327.8 31537.1 0
64335.5 31538.8 0
64343.1 31540.6 0
64350.7 31542.3 0
64358.3 31544 0
64365.8 31545.7 0
64373.2 31547.4 0
64380.6 31549.1 0
64387.9 31550.8 0
64395.2 31552.4 0
64402.4 31554 0
64409.6 31555.6 0
64416.7 31557.2 0
64423.7 31558.8 0
64430.6 31560.4 0
64437.5 31561.9 0
64444.3 31563.5 0
64451.1 31565 0
64457.8 31566.5 0
64464.4 31568 0
64470.9 31569.5 0
64477.4 31570.9 0
64483.7 31572.4 0
64490 31573.8 0
64496.2 31575.2 0
64502.3 31576.6 0
64508.3 31578 0
64514.3 31579.4 0
64520.1 31580.7 0
64525.9 31582.1 0
64531.6 31583.4 0
64537.2 31584.7 0
64542.7 31586 0
64548.1 31587.3 0
64553.5 31588.6 0
64558.8 31589.8 0
64564 31591.1 0
64569.2 31592.3 0
64574.3 31593.5 0
64579.3 31594.7 0
64584.3 31595.9 0
64589.1 31597 0
64594 31598.2 0
64598.7 31599.3 0
64603.4 31600.5 0
64608.1 31601.6 0
64612.7 31602.7 0
64617.2 31603.7 0
64621.7 31604.8 0
64626.1 31605.8 0
64630.5 31606.9 0
64634.8 31607.9 0
64639.1 31608.9 0
64643.4 31609.9 0
64647.5 31610.9 0
64651.7 31611.8 0
64655.8 31612.8 0
64659.9 31613.7 0
64663.9 31614.6 0
64667.9 31615.5 0
64671.9 31616.4 0
64675.8 31617.3 0
64679.7 31618.1 0
64683.5 31619 0
64687.4 31619.8 0
64691.2 31620.6 0
64695 31621.4 0
64698.7 31622.1 0
64702.5 31622.9 0
64706.2 31623.6 0
64709.9 31624.4 0
64713.6 31625.1 0
64717.2 31625.8 0
64720.9 31626.5 0
64724.5 31627.1 0
64728.2 31627.8 0
64731.8 31628.4 0
64735.4 31629 0
64739 31629.6 0
64742.6 31630.2 0
64746.2 31630.8 0
64749.8 31631.3 0
64753.4 31631.9 0
64757 31632.4 0
64760.6 31632.9 0
64764.2 31633.4 0
64767.8 31633.8 0
64771.4 31634.3 0
64775 31634.7 0
64778.7 31635.1 0
64782.3 31635.5 0
64786 31635.9 0
64789.7 31636.3 0
64793.4 31636.6 0
64797.1 31636.9 0
64800.8 31637.3 0
64804.6 31637.6 0
64808.4 31637.8 0
64812.2 31638.1 0
64816.1 31638.3 0
64820 31638.5 0
64823.9 31638.7 0
64827.8 31638.9 0
64831.8 31639.1 0
64835.8 31639.2 0
64839.8 31639.4 0
64843.9 31639.5 0
64848.1 31639.6 0
64852.2 31639.7 0
64856.5 31639.7 0
64860.7 31639.7 0
64865 31639.8 0
64869.4 31639.8 0
64873.8 31639.7 0
64878.3 31639.7 0
64882.8 31639.6 0
64887.4 31639.5 0
64892 31639.4 0
64896.7 31639.3 0
64901.5 31639.2 0
64906.3 31639 0
64911.2 31638.8 0
64916.2 31638.6 0
64921.2 31638.4 0
64926.3 31638.2 0
64931.5 31637.9 0
64936.7 31637.6 0
64942 31637.3 0
64947.4 31637 0
64952.9 31636.7 0
64958.5 31636.4 0
64964.1 31636.1 0
64969.8 31635.8 0
64975.6 31635.4 0
64981.5 31635.1 0
64987.4 31634.8 0
64993.4 31634.5 0
64999.5 31634.1 0
65005.7 31633.8 0
65011.9 31633.5 0
65018.2 31633.2 0
65024.5 31632.8 0
65030.9 31632.5 0
65037.4 31632.2 0
65043.9 31631.8 0
65050.5 31631.5 0
65057.1 31631.2 0
65063.8 31630.8 0
65070.6 31630.5 0
65077.4 31630.1 0
65084.2 31629.8 0
65091.1 31629.5 0
65098.1 31629.1 0
65105 31628.8 0
65112.1 31628.4 0
65119.2 31628.1 0
65126.3 31627.7 0
65133.4 31627.4 0
65140.6 31627 0
65147.9 31626.7 0
65155.1 31626.3 0
65162.5 31626 0
65169.8 31625.6 0
65177.2 31625.2 0
65184.6 31624.9 0
65192 31624.5 0
65199.4 31624.2 0
65206.9 31623.8 0
65214.4 31623.4 0
65221.9 31623.1 0
65229.5 31622.7 0
65237 31622.3 0
65244.6 31622 0
65252.2 31621.6 0
65259.8 31621.2 0
65267.4 31620.9 0
65275 31620.5 0
65282.7 31620.1 0
65290.3 31619.7 0
65298 31619.4 0
65305.6 31619 0
65313.3 31618.6 0
65320.9 31618.2 0
65328.6 31617.9 0
65336.3 31617.5 0
65343.9 31617.1 0
65351.6 31616.7 0
65359.2 31616.3 0
65366.8 31615.9 0
65374.4 31615.5 0
65382.1 31615.1 0
65389.6 31614.7 0
65397.2 31614.4 0
65404.8 31614 0
65412.3 31613.6 0
65419.9 31613.2 0
65427.4 31612.7 0
65434.8 31612.3 0
65442.3 31611.9 0
65449.7 31611.5 0
65457.1 31611.1 0
65464.5 31610.7 0
65471.8 31610.3 0
65479.1 31609.9 0
65486.4 31609.5 0
65493.7 31609 0
65500.8 31608.6 0
65508 31608.2 0
65515.1 31607.8 0
65522.2 31607.3 0
65529.2 31606.9 0
65536.2 31606.4 0
65543.1 31606 0
65550 31605.6 0
65556.8 31605.1 0
65563.6 31604.7 0
65570.3 31604.2 0
65577 31603.8 0
65583.6 31603.3 0
65590.1 31602.9 0
65596.6 31602.4 0
65603 31601.9 0
65609.3 31601.5 0
65615.6 31601 0
65621.8 31600.5 0
65627.9 31600 0
65634 31599.5 0
65640 31599.1 0
65645.9 31598.6 0
65651.7 31598.1 0
65657.5 31597.6 0
65663.1 31597.1 0
65668.7 31596.6 0
65674.2 31596.1 0
65679.5 31595.5 0
65684.8 31595 0
65690 31594.5 0
65695.2 31594 0
65700.2 31593.4 0
65705.2 31592.9 0
65710 31592.4 0
65714.8 31591.8 0
65719.5 31591.3 0
65724.2 31590.7 0
65728.8 31590.2 0
65733.2 31589.6 0
65737.7 31589 0
65742 31588.4 0
65746.3 31587.9 0
65750.5 31587.3 0
65754.7 31586.7 0
65758.8 31586.1 0
65762.8 31585.5 0
65766.8 31584.9 0
65770.7 31584.3 0
65774.5 31583.6 0
65778.3 31583 0
65782 31582.4 0
65785.7 31581.8 0
65789.4 31581.1 0
65793 31580.5 0
65796.5 31579.8 0
65800 31579.1 0
65803.4 31578.5 0
65806.9 31577.8 0
65810.2 31577.1 0
65813.5 31576.4 0
65816.8 31575.7 0
65820.1 31575 0
65823.3 31574.3 0
65826.5 31573.6 0
65829.7 31572.9 0
65832.8 31572.1 0
65835.9 31571.4 0
65839 31570.7 0
65842 31569.9 0
65845.1 31569.1 0
65848.1 31568.4 0
65851.1 31567.6 0
65854 31566.8 0
65857 31566 0
65859.9 31565.2 0
65862.9 31564.4 0
65865.8 31563.6 0
65868.7 31562.8 0
65871.6 31561.9 0
65874.5 31561.1 0
65877.4 31560.2 0
65880.3 31559.4 0
65883.2 31558.5 0
65886.2 31557.6 0
65889.1 31556.7 0
65892 31555.8 0
65894.9 31554.9 0
65897.8 31554 0
65900.8 31553.1 0
65903.7 31552.2 0
65906.7 31551.2 0
65909.7 31550.3 0
65912.7 31549.3 0
65915.8 31548.3 0
65918.8 31547.3 0
65921.9 31546.3 0
65925 31545.3 0
65928.1 31544.3 0
65931.3 31543.3 0
65934.5 31542.3 0
65937.7 31541.2 0
65941 31540.2 0
65944.3 31539.1 0
65947.6 31538 0
65951 31536.9 0
65954.4 31535.8 0
65957.9 31534.7 0
65961.4 31533.6 0
65965 31532.5 0
65968.6 31531.3 0
65972.3 31530.2 0
65976 31529 0
65979.8 31527.9 0
65983.7 31526.7 0
65987.6 31525.5 0
65991.6 31524.3 0
65995.6 31523 0
65999.7 31521.8 0
66003.9 31520.5 0
66008.1 31519.3 0
66012.4 31518 0
66016.8 31516.7 0
66021.3 31515.4 0
66025.8 31514.1 0
66030.5 31512.8 0
66035.2 31511.5 0
66040 31510.1 0
66044.9 31508.8 0
66049.9 31507.5 0
66054.9 31506.1 0
66060.1 31504.8 0
66065.4 31503.5 0
66070.7 31502.3 0
66076.1 31501 0
66081.6 31499.7 0
66087.2 31498.5 0
66092.9 31497.3 0
66098.6 31496 0
66104.4 31494.8 0
66110.3 31493.6 0
66116.3 31492.4 0
66122.3 31491.3 0
66128.4 31490.1 0
66134.6 31489 0
66140.9 31487.8 0
66147.2 31486.7 0
66153.6 31485.6 0
66160 31484.5 0
66166.5 31483.4 0
66173 31482.3 0
66179.7 31481.2 0
66186.3 31480.2 0
66193 31479.1 0
66199.8 31478.1 0
66206.6 31477 0
66213.5 31476 0
66220.4 31475 0
66227.4 31474 0
66234.4 31473 0
66241.5 31472.1 0
66248.6 31471.1 0
66255.7 31470.1 0
66262.8 31469.2 0
66270 31468.3 0
66277.3 31467.3 0
66284.5 31466.4 0
66291.8 31465.5 0
66299.2 31464.6 0
66306.5 31463.7 0
66313.9 31462.8 0
66321.3 31462 0
66328.7 31461.1 0
66336.1 31460.2 0
66343.6 31459.4 0
66351 31458.6 0
66358.5 31457.7 0
66366 31456.9 0
66373.5 31456.1 0
66381 31455.3 0
66388.5 31454.5 0
66396 31453.7 0
66403.6 31453 0
66411.1 31452.2 0
66418.6 31451.4 0
66426.1 31450.7 0
66433.6 31449.9 0
66441.1 31449.2 0
66448.6 31448.5 0
66456.1 31447.8 0
66463.6 31447.1 0
66471 31446.4 0
66478.5 31445.7 0
66485.9 31445 0
66493.3 31444.3 0
66500.6 31443.6 0
66508 31442.9 0
66515.3 31442.3 0
66522.6 31441.6 0
66529.9 31441 0
66537.1 31440.3 0
66544.3 31439.7 0
66551.5 31439.1 0
66558.6 31438.4 0
66565.7 31437.8 0
66572.7 31437.2 0
66579.7 31436.6 0
66586.6 31436 0
66593.5 31435.4 0
66600.4 31434.8 0
66607.2 31434.3 0
66613.9 31433.7 0
66620.6 31433.1 0
66627.2 31432.6 0
66633.8 31432 0
66640.3 31431.5 0
66646.7 31430.9 0
66653.1 31430.4 0
66659.4 31429.8 0
66665.6 31429.3 0
66671.7 31428.8 0
66677.8 31428.3 0
66683.8 31427.7 0
66689.7 31427.2 0
66695.5 31426.7 0
66701.3 31426.2 0
66706.9 31425.7 0
66712.5 31425.2 0
66717.9 31424.8 0
66723.3 31424.3 0
66728.6 31423.8 0
66733.8 31423.3 0
66738.8 31422.8 0
66743.8 31422.4 0
66748.6 31421.9 0
66753.4 31421.5 0
66758.1 31421 0
66762.6 31420.5 0
66767.1 31420.1 0
66771.5 31419.7 0
66775.8 31419.2 0
66780 31418.8 0
66784.1 31418.3 0
66788.1 31417.9 0
66792 31417.5 0
66795.9 31417.1 0
66799.7 31416.6 0
66803.4 31416.2 0
66807 31415.8 0
66810.6 31415.4 0
66814.1 31415 0
66817.5 31414.6 0
66820.8 31414.2 0
66824.1 31413.8 0
66827.3 31413.4 0
66830.4 31413 0
66833.5 31412.6 0
66836.6 31412.2 0
66839.5 31411.8 0
66842.5 31411.4 0
66845.3 31411 0
66848.1 31410.7 0
66850.9 31410.3 0
66853.6 31409.9 0
66856.3 31409.5 0
66858.9 31409.1 0
66861.5 31408.8 0
66864 31408.4 0
66866.6 31408 0
66869 31407.7 0
66871.5 31407.3 0
66873.9 31406.9 0
66876.3 31406.6 0
66878.6 31406.2 0
66881 31405.9 0
66883.3 31405.5 0
66885.5 31405.2 0
66887.8 31404.8 0
66890.1 31404.5 0
66892.3 31404.1 0
66894.5 31403.8 0
66896.7 31403.4 0
66898.9 31403.1 0
66901.1 31402.7 0
66903.3 31402.4 0
66905.5 31402 0
66907.7 31401.7 0
66909.9 31401.4 0
66912.1 31401 0
66914.3 31400.7 0
66916.5 31400.3 0
66918.8 31400 0
66921 31399.7 0
66923.3 31399.3 0
66925.5 31399 0
66927.8 31398.7 0
66930.2 31398.3 0
66932.5 31398 0
66934.9 31397.7 0
66937.3 31397.4 0
66939.7 31397 0
66942.1 31396.7 0
66944.6 31396.4 0
66947.2 31396.1 0
66949.8 31395.7 0
66952.4 31395.4 0
66955 31395.1 0
66957.8 31394.8 0
66960.5 31394.5 0
66963.3 31394.1 0
66966.2 31393.8 0
66969.1 31393.5 0
66972.1 31393.2 0
66975.2 31392.9 0
66978.3 31392.6 0
66981.5 31392.3 0
66984.7 31391.9 0
66988 31391.6 0
66991.4 31391.3 0
66994.9 31391 0
66998.4 31390.7 0
67002.1 31390.4 0
67005.8 31390.1 0
67009.6 31389.8 0
67013.5 31389.5 0
67017.4 31389.2 0
67021.5 31388.9 0
67025.7 31388.6 0
67030 31388.3 0
67034.3 31388 0
67038.8 31387.7 0
67043.4 31387.4 0
67048.1 31387.2 0
67052.9 31386.9 0
67057.8 31386.7 0
67062.8 31386.5 0
67067.9 31386.3 0
67073.2 31386.1 0
67078.5 31385.9 0
67083.9 31385.7 0
67089.4 31385.6 0
67095.1 31385.5 0
67100.8 31385.4 0
67106.6 31385.3 0
67112.5 31385.2 0
67118.4 31385.2 0
67124.5 31385.1 0
67130.7 31385.1 0
67136.9 31385.1 0
67143.2 31385.1 0
67149.6 31385.1 0
67156 31385.1 0
67162.6 31385.2 0
67169.2 31385.2 0
67175.9 31385.3 0
67182.6 31385.4 0
67189.4 31385.5 0
67196.3 31385.6 0
67203.2 31385.8 0
67210.2 31385.9 0
67217.3 31386.1 0
67224.4 31386.3 0
67231.5 31386.5 0
67238.7 31386.7 0
67246 31386.9 0
67253.3 31387.1 0
67260.6 31387.4 0
67268 31387.6 0
67275.5 31387.9 0
67282.9 31388.2 0
67290.4 31388.5 0
67298 31388.8 0
67305.5 31389.1 0
67313.1 31389.5 0
67320.8 31389.8 0
67328.4 31390.2 0
67336.1 31390.6 0
67343.8 31391 0
67351.5 31391.4 0
67359.2 31391.8 0
67367 31392.2 0
67374.7 31392.6 0
67382.5 31393.1 0
67390.2 31393.6 0
67398 31394 0
67405.8 31394.5 0
67413.6 31395 0
67421.3 31395.6 0
67429.1 31396.1 0
67436.8 31396.6 0
67444.6 31397.2 0
67452.3 31397.7 0
67460 31398.3 0
67467.7 31398.9 0
67475.4 31399.5 0
67483.1 31400.1 0
67490.7 31400.7 0
67498.3 31401.3 0
67505.9 31402 0
67513.5 31402.6 0
67521 31403.3 0
67528.5 31404 0
67535.9 31404.7 0
67543.3 31405.4 0
67550.7 31406.1 0
67558 31406.8 0
67565.2 31407.5 0
67572.5 31408.3 0
67579.6 31409 0
67586.7 31409.8 0
67593.7 31410.6 0
67600.7 31411.4 0
67607.6 31412.2 0
67614.5 31413 0
67621.3 31413.8 0
67628 31414.6 0
67634.6 31415.5 0
67641.1 31416.3 0
67647.6 31417.2 0
67654 31418.1 0
67660.3 31418.9 0
67666.5 31419.8 0
67672.6 31420.7 0
67678.7 31421.7 0
67684.6 31422.6 0
67690.4 31423.5 0
67696.1 31424.5 0
67701.8 31425.4 0
67707.3 31426.4 0
67712.7 31427.4 0
67718 31428.4 0
67723.2 31429.4 0
67728.2 31430.4 0
67733.1 31431.4 0
67737.9 31432.4 0
67742.6 31433.5 0
67747.1 31434.5 0
67751.6 31435.6 0
67755.9 31436.7 0
67760.1 31437.7 0
67764.2 31438.8 0
67768.1 31439.9 0
67772 31441.1 0
67775.8 31442.2 0
67779.4 31443.3 0
67783 31444.5 0
67786.4 31445.6 0
67789.8 31446.8 0
67793 31448 0
67796.2 31449.2 0
67799.3 31450.4 0
67802.3 31451.6 0
67805.2 31452.8 0
67808 31454 0
67810.7 31455.3 0
67813.4 31456.5 0
67816 31457.8 0
67818.5 31459.1 0
67820.9 31460.4 0
67823.3 31461.7 0
67825.6 31463 0
67827.8 31464.3 0
67830 31465.6 0
67832.1 31467 0
67834.2 31468.3 0
67836.2 31469.7 0
67838.2 31471.1 0
67840.1 31472.5 0
67841.9 31473.9 0
67843.7 31475.3 0
67845.5 31476.7 0
67847.2 31478.2 0
67848.9 31479.6 0
67850.6 31481.1 0
67852.2 31482.5 0
67853.8 31484 0
67855.4 31485.5 0
67856.9 31487 0
67858.5 31488.5 0
67860 31490.1 0
67861.5 31491.6 0
67863 31493.2 0
67864.4 31494.8 0
67865.9 31496.3 0
67867.4 31497.9 0
67868.9 31499.6 0
67870.3 31501.2 0
67871.8 31502.8 0
67873.3 31504.5 0
67874.8 31506.1 0
67876.4 31507.8 0
67877.9 31509.5 0
67879.4 31511.2 0
67881 31512.9 0
67882.6 31514.6 0
67884.3 31516.4 0
67885.9 31518.1 0
67887.6 31519.9 0
67889.3 31521.6 0
67891.1 31523.4 0
67892.9 31525.2 0
67894.7 31527.1 0
67896.6 31528.9 0
67898.6 31530.7 0
67900.5 31532.6 0
67902.6 31534.5 0
67904.7 31536.3 0
67906.8 31538.2 0
67909 31540.1 0
67911.3 31542.1 0
67913.6 31544 0
67916 31546 0
67918.5 31547.9 0
67921 31549.9 0
67923.6 31551.9 0
67926.3 31553.9 0
67929 31555.9 0
67931.9 31558 0
67934.8 31560 0
67937.8 31562.1 0
67940.9 31564.2 0
67944.1 31566.3 0
67947.4 31568.4 0
67950.7 31570.5 0
67954.2 31572.6 0
67957.8 31574.8 0
67961.4 31576.9 0
67965.2 31579.1 0
67969.1 31581.3 0
67973 31583.5 0
67977.1 31585.8 0
67981.3 31588 0
67985.7 31590.3 0
67990.1 31592.5 0
67994.6 31594.8 0
67999.3 31597.1 0
68004 31599.4 0
68008.9 31601.7 0
68013.9 31604 0
68018.9 31606.3 0
68024.1 31608.6 0
68029.4 31610.9 0
68034.7 31613.3 0
68040.1 31615.6 0
68045.7 31618 0
68051.3 31620.3 0
68057 31622.7 0
68062.7 31625.1 0
68068.6 31627.4 0
68074.5 31629.8 0
68080.5 31632.2 0
68086.5 31634.6 0
68092.6 31637.1 0
68098.8 31639.5 0
68105.1 31641.9 0
68111.4 31644.3 0
68117.7 31646.8 0
68124.1 31649.2 0
68130.6 31651.7 0
68137.1 31654.1 0
68143.7 31656.6 0
68150.3 31659.1 0
68156.9 31661.6 0
68163.6 31664 0
68170.3 31666.5 0
68177.1 31669 0
68183.9 31671.5 0
68190.7 31674.1 0
68197.5 31676.6 0
68204.4 31679.1 0
68211.3 31681.6 0
68218.2 31684.2 0
68225.2 31686.7 0
68232.1 31689.2 0
68239.1 31691.8 0
68246.1 31694.4 0
68253 31696.9 0
68260 31699.5 0
68267 31702.1 0
68274 31704.6 0
68281 31707.2 0
68288.1 31709.8 0
68295 31712.4 0
68302 31715 0
68309 31717.6 0
68316 31720.2 0
68323 31722.9 0
68329.9 31725.5 0
68336.8 31728.1 0
68343.7 31730.8 0
68350.6 31733.4 0
68357.5 31736 0
68364.3 31738.7 0
68371.1 31741.3 0
68377.9 31744 0
68384.7 31746.7 0
68391.4 31749.3 0
68398.1 31752 0
68404.7 31754.7 0
68411.3 31757.4 0
68417.9 31760.1 0
68424.4 31762.8 0
68430.8 31765.5 0
68437.3 31768.2 0
68443.6 31770.9 0
68450 31773.6 0
68456.2 31776.3 0
68462.4 31779.1 0
68468.6 31781.8 0
68474.7 31784.5 0
68480.7 31787.3 0
68486.6 31790 0
68492.5 31792.8 0
68498.4 31795.5 0
68504.1 31798.3 0
68509.8 31801.1 0
68515.4 31803.8 0
68520.9 31806.6 0
68526.4 31809.4 0
68531.7 31812.2 0
68537 31815 0
68542.2 31817.8 0
68547.4 31820.6 0
68552.4 31823.4 0
68557.3 31826.2 0
68562.2 31829 0
68566.9 31831.9 0
68571.6 31834.7 0
68576.2 31837.5 0
68580.6 31840.4 0
68585 31843.2 0
68589.3 31846.1 0
68593.4 31849 0
68597.4 31851.8 0
68601.4 31854.7 0
68605.2 31857.6 0
68608.9 31860.5 0
68612.6 31863.4 0
68616.1 31866.3 0
68619.6 31869.2 0
68622.9 31872.1 0
68626.2 31875 0
68629.4 31877.9 0
68632.5 31880.8 0
68635.5 31883.8 0
68638.5 31886.7 0
68641.3 31889.7 0
68644.1 31892.6 0
68646.9 31895.6 0
68649.5 31898.5 0
68652.1 31901.5 0
68654.6 31904.5 0
68657.1 31907.5 0
68659.5 31910.5 0
68661.8 31913.5 0
68664.1 31916.5 0
68666.3 31919.5 0
68668.5 31922.5 0
68670.6 31925.5 0
68672.7 31928.6 0
68674.7 31931.6 0
68676.7 31934.7 0
68678.6 31937.7 0
68680.5 31940.8 0
68682.4 31943.8 0
68684.2 31946.9 0
68686 31950 0
68687.8 31953.1 0
68689.5 31956.2 0
68691.3 31959.3 0
68692.9 31962.4 0
68694.6 31965.6 0
68696.2 31968.7 0
68697.9 31971.8 0
68699.5 31975 0
68701 31978.1 0
68702.6 31981.3 0
68704.2 31984.5 0
68705.7 31987.7 0
68707.3 31990.9 0
68708.8 31994.1 0
68710.4 31997.3 0
68711.9 32000.5 0
68713.4 32003.7 0
68715 32006.9 0
68716.5 32010.2 0
68718.1 32013.4 0
68719.6 32016.7 0
68721.2 32020 0
68722.8 32023.3 0
68724.4 32026.6 0
68726 32029.9 0
68727.6 32033.2 0
68729.3 32036.5 0
68730.9 32039.8 0
68732.6 32043.2 0
68734.4 32046.5 0
68736.1 32049.9 0
68737.9 32053.2 0
68739.7 32056.6 0
68741.5 32060 0
68743.4 32063.4 0
68745.3 32066.8 0
68747.3 32070.2 0
68749.3 32073.7 0
68751.3 32077.1 0
68753.4 32080.6 0
68755.5 32084 0
68757.6 32087.5 0
68759.8 32091 0
68762.1 32094.5 0
68764.4 32098 0
68766.8 32101.5 0
68769.2 32105.1 0
68771.7 32108.6 0
68774.2 32112.2 0
68776.9 32115.7 0
68779.5 32119.3 0
68782.2 32122.9 0
68785 32126.5 0
68787.9 32130.1 0
68790.8 32133.8 0
68793.8 32137.4 0
68796.9 32141.1 0
68800.1 32144.7 0
68803.3 32148.4 0
68806.6 32152.1 0
68810 32155.8 0
68813.5 32159.5 0
68817 32163.3 0
68820.6 32167 0
68824.4 32170.7 0
68828.2 32174.4 0
68832 32178.1 0
68836 32181.8 0
68840 32185.4 0
68844.1 32189.1 0
68848.3 32192.8 0
68852.6 32196.4 0
68856.9 32200.1 0
68861.3 32203.8 0
68865.7 32207.4 0
68870.2 32211 0
68874.8 32214.7 0
68879.4 32218.3 0
68884.1 32221.9 0
68888.8 32225.5 0
68893.6 32229.1 0
68898.5 32232.7 0
68903.4 32236.3 0
68908.3 32239.9 0
68913.3 32243.5 0
68918.3 32247.1 0
68923.4 32250.6 0
68928.5 32254.2 0
68933.7 32257.8 0
68938.9 32261.3 0
68944.1 32264.9 0
68949.3 32268.4 0
68954.6 32271.9 0
68959.9 32275.5 0
68965.3 32279 0
68970.7 32282.5 0
68976.1 32286 0
68981.5 32289.5 0
68986.9 32293 0
68992.4 32296.5 0
68997.9 32300 0
69003.4 32303.5 0
69008.9 32307 0
69014.4 32310.5 0
69019.9 32314 0
69025.4 32317.4 0
69031 32320.9 0
69036.5 32324.3 0
69042.1 32327.8 0
69047.7 32331.2 0
69053.2 32334.7 0
69058.8 32338.1 0
69064.3 32341.6 0
69069.9 32345 0
69075.4 32348.4 0
69081 32351.8 0
69086.5 32355.3 0
69092 32358.7 0
69097.5 32362.1 0
69103 32365.5 0
69108.5 32368.9 0
69114 32372.3 0
69119.4 32375.7 0
69124.8 32379.1 0
69130.2 32382.5 0
69135.6 32385.8 0
69140.9 32389.2 0
69146.3 32392.6 0
69151.6 32396 0
69156.8 32399.3 0
69162 32402.7 0
69167.2 32406.1 0
69172.4 32409.4 0
69177.5 32412.8 0
69182.6 32416.1 0
69187.7 32419.5 0
69192.7 32422.8 0
69197.7 32426.2 0
69202.6 32429.5 0
69207.5 32432.8 0
69212.3 32436.2 0
69217.1 32439.5 0
69221.8 32442.8 0
69226.5 32446.2 0
69231.2 32449.5 0
69235.7 32452.8 0
69240.3 32456.1 0
69244.7 32459.4 0
69249.1 32462.8 0
69253.5 32466.1 0
69257.8 32469.4 0
69262 32472.7 0
69266.1 32476 0
69270.2 32479.3 0
69274.3 32482.6 0
69278.2 32485.9 0
69282.1 32489.2 0
69285.9 32492.5 0
69289.7 32495.8 0
69293.3 32499.1 0
69296.9 32502.4 0
69300.4 32505.7 0
69303.8 32509 0
69307.2 32512.3 0
69310.5 32515.6 0
69313.7 32518.9 0
69316.8 32522.1 0
69319.8 32525.4 0
69322.8 32528.7 0
69325.7 32532 0
69328.6 32535.3 0
69331.4 32538.6 0
69334.1 32541.9 0
69336.8 32545.2 0
69339.4 32548.4 0
69341.9 32551.7 0
69344.4 32555 0
69346.8 32558.3 0
69349.2 32561.6 0
69351.5 32564.9 0
69353.8 32568.2 0
69356.1 32571.4 0
69358.2 32574.7 0
69360.4 32578 0
69362.5 32581.3 0
69364.5 32584.6 0
69366.6 32587.9 0
69368.5 32591.2 0
69370.5 32594.5 0
69372.4 32597.7 0
69374.3 32601 0
69376.1 32604.3 0
69377.9 32607.6 0
69379.7 32610.9 0
69381.5 32614.2 0
69383.2 32617.5 0
69384.9 32620.8 0
69386.6 32624.1 0
69388.3 32627.4 0
69389.9 32630.7 0
69391.5 32634 0
69393.2 32637.3 0
69394.8 32640.7 0
69396.3 32644 0
69397.9 32647.3 0
69399.5 32650.6 0
69401 32653.9 0
69402.6 32657.2 0
69404.1 32660.6 0
69405.7 32663.9 0
69407.2 32667.2 0
69408.7 32670.5 0
69410.3 32673.9 0
69411.8 32677.2 0
69413.3 32680.5 0
69414.9 32683.9 0
69416.4 32687.2 0
69418 32690.6 0
69419.6 32693.9 0
69421.1 32697.3 0
69422.7 32700.6 0
69424.3 32704 0
69426 32707.4 0
69427.6 32710.7 0
69429.2 32714.1 0
69430.9 32717.5 0
69432.6 32720.8 0
69434.3 32724.2 0
69436.1 32727.6 0
69437.8 32731 0
69439.6 32734.4 0
69441.4 32737.8 0
69443.3 32741.2 0
69445.2 32744.6 0
69447.1 32748 0
69449 32751.4 0
69451 32754.8 0
69453 32758.2 0
69455.1 32761.6 0
69457.1 32765 0
69459.3 32768.5 0
69461.4 32771.9 0
69463.7 32775.3 0
69465.9 32778.8 0
69468.2 32782.2 0
69470.6 32785.7 0
69473 32789.1 0
69475.4 32792.6 0
69477.9 32796 0
69480.5 32799.5 0
69483.1 32803 0
69485.8 32806.4 0
69488.5 32809.9 0
69491.3 32813.4 0
69494.1 32816.9 0
69497 32820.4 0
69500 32823.9 0
69503 32827.4 0
69506.1 32830.9 0
69509.2 32834.3 0
69512.4 32837.8 0
69515.7 32841.2 0
69519.1 32844.7 0
69522.5 32848.1 0
69525.9 32851.5 0
69529.4 32854.9 0
69533 32858.3 0
69536.6 32861.6 0
69540.3 32865 0
69544 32868.3 0
69547.8 32871.6 0
69551.6 32874.9 0
69555.5 32878.2 0
69559.4 32881.5 0
69563.4 32884.8 0
69567.3 32888 0
69571.4 32891.3 0
69575.5 32894.5 0
69579.6 32897.7 0
69583.7 32900.9 0
69587.9 32904.1 0
69592.1 32907.3 0
69596.4 32910.5 0
69600.7 32913.6 0
69605 32916.8 0
69609.3 32919.9 0
69613.7 32923 0
69618.1 32926.1 0
69622.5 32929.2 0
69626.9 32932.3 0
69631.4 32935.4 0
69635.9 32938.5 0
69640.4 32941.5 0
69644.9 32944.6 0
69649.4 32947.6 0
69654 32950.6 0
69658.5 32953.6 0
69663.1 32956.6 0
69667.7 32959.6 0
69672.3 32962.6 0
69676.9 32965.5 0
69681.5 32968.5 0
69686.1 32971.4 0
69690.7 32974.3 0
69695.3 32977.3 0
69700 32980.2 0
69704.6 32983.1 0
69709.2 32986 0
69713.8 32988.8 0
69718.4 32991.7 0
69723 32994.6 0
69727.6 32997.4 0
69732.2 33000.3 0
69736.8 33003.1 0
69741.4 33005.9 0
69746 33008.7 0
69750.5 33011.5 0
69755.1 33014.3 0
69759.6 33017.1 0
69764.1 33019.9 0
69768.6 33022.6 0
69773 33025.4 0
69777.5 33028.1 0
69781.9 33030.9 0
69786.3 33033.6 0
69790.7 33036.3 0
69795 33039 0
69799.4 33041.7 0
69803.7 33044.4 0
69807.9 33047.1 0
69812.2 33049.8 0
69816.4 33052.5 0
69820.6 33055.1 0
69824.7 33057.8 0
69828.8 33060.4 0
69832.9 33063 0
69836.9 33065.7 0
69840.9 33068.3 0
69844.8 33070.9 0
69848.7 33073.5 0
69852.6 33076.1 0
69856.4 33078.7 0
69860.2 33081.2 0
69863.9 33083.8 0
69867.6 33086.4 0
69871.3 33088.9 0
69874.8 33091.5 0
69878.4 33094 0
69881.9 33096.6 0
69885.3 33099.1 0
69888.6 33101.6 0
69892 33104.1 0
69895.2 33106.6 0
69898.4 33109.1 0
69901.6 33111.6 0
69904.6 33114.1 0
69907.6 33116.5 0
69910.6 33119 0
69913.5 33121.5 0
69916.3 33123.9 0
69919.1 33126.4 0
69921.8 33128.8 0
69924.4 33131.2 0
69927 33133.7 0
69929.6 33136.1 0
69932 33138.5 0
69934.5 33140.9 0
69936.9 33143.3 0
69939.2 33145.7 0
69941.5 33148.1 0
69943.7 33150.5 0
69946 33152.8 0
69948.1 33155.2 0
69950.2 33157.6 0
69952.3 33159.9 0
69954.3 33162.3 0
69956.3 33164.6 0
69958.3 33166.9 0
69960.2 33169.3 0
69962.1 33171.6 0
69964 33173.9 0
69965.8 33176.2 0
69967.6 33178.5 0
69969.4 33180.8 0
69971.1 33183.1 0
69972.8 33185.4 0
69974.5 33187.6 0
69976.2 33189.9 0
69977.8 33192.2 0
69979.5 33194.4 0
69981.1 33196.7 0
69982.7 33198.9 0
69984.2 33201.2 0
69985.8 33203.4 0
69987.3 33205.6 0
69988.8 33207.8 0
69990.3 33210.1 0
69991.8 33212.3 0
69993.3 33214.5 0
69994.8 33216.7 0
69996.3 33218.9 0
69997.7 33221 0
69999.2 33223.2 0
70000.6 33225.4 0
70002.1 33227.5 0
70003.5 33229.7 0
70005 33231.9 0
70006.4 33234 0
70007.9 33236.1 0
70009.3 33238.3 0
70010.8 33240.4 0
70012.3 33242.5 0
70013.7 33244.6 0
70015.2 33246.7 0
70016.7 33248.8 0
70018.2 33250.9 0
70019.7 33253 0
70021.3 33255.1 0
70022.8 33257.2 0
70024.4 33259.2 0
70025.9 33261.3 0
70027.5 33263.3 0
70029.1 33265.4 0
70030.8 33267.4 0
70032.4 33269.5 0
70034.1 33271.5 0
70035.8 33273.5 0
70037.5 33275.5 0
70039.3 33277.5 0
70041.1 33279.5 0
70042.9 33281.5 0
70044.7 33283.5 0
70046.6 33285.5 0
70048.5 33287.4 0
70050.5 33289.4 0
70052.4 33291.4 0
70054.4 33293.3 0
70056.5 33295.2 0
70058.6 33297.2 0
70060.7 33299.1 0
70062.9 33301 0
70065.1 33302.9 0
70067.3 33304.8 0
70069.6 33306.7 0
70072 33308.6 0
70074.4 33310.5 0
70076.8 33312.3 0
70079.3 33314.2 0
70081.8 33316 0
70084.4 33317.9 0
70087.1 33319.7 0
70089.8 33321.5 0
70092.5 33323.3 0
70095.4 33325.1 0
70098.2 33326.9 0
70101.1 33328.7 0
70104.1 33330.4 0
70107.1 33332.1 0
70110.2 33333.8 0
70113.3 33335.6 0
70116.5 33337.2 0
70119.7 33338.9 0
70123 33340.6 0
70126.3 33342.2 0
70129.6 33343.8 0
70133 33345.5 0
70136.4 33347.1 0
70139.9 33348.7 0
70143.4 33350.2 0
70146.9 33351.8 0
70150.5 33353.3 0
70154.1 33354.9 0
70157.7 33356.4 0
